{
    "box": {
        "boxID": 1762,
        "frame": 292,
        "posX": 1056,
        "posY": 432,
        "mat": {
            "type_id": "opencv-matrix",
            "rows": 5,
            "cols": 5,
            "dt": "3u",
            "data": [ 103, 87, 65, 61, 45, 23, 203, 183, 159, 220, 200,
                176, 214, 193, 172, 206, 190, 168, 64, 48, 26, 141, 121,
                97, 190, 170, 146, 217, 196, 175, 115, 101, 81, 170, 156,
                136, 237, 221, 199, 88, 72, 50, 216, 200, 180, 93, 79,
                59, 109, 95, 75, 249, 233, 211, 187, 171, 149, 216, 200,
                180, 133, 120, 102, 117, 104, 86, 253, 240, 222, 255,
                244, 226, 223, 210, 192 ]
        }
    }
}
