{
    "box": {
        "boxID": 2242,
        "frame": 531,
        "posX": 960,
        "posY": 216,
        "mat": {
            "type_id": "opencv-matrix",
            "rows": 5,
            "cols": 5,
            "dt": "3u",
            "data": [ 255, 252, 253, 255, 252, 253, 255, 252, 253, 255,
                252, 253, 253, 253, 253, 255, 252, 253, 255, 252, 253,
                255, 252, 253, 254, 251, 252, 252, 252, 252, 255, 251,
                251, 255, 251, 251, 255, 252, 253, 254, 251, 252, 252,
                252, 252, 255, 253, 253, 255, 251, 251, 255, 252, 253,
                254, 251, 252, 252, 252, 252, 255, 247, 247, 255, 249,
                249, 255, 252, 253, 254, 251, 252, 252, 252, 252 ]
        }
    },
    "box": {
        "boxID": 2243,
        "frame": 531,
        "posX": 1056,
        "posY": 162,
        "mat": {
            "type_id": "opencv-matrix",
            "rows": 5,
            "cols": 5,
            "dt": "3u",
            "data": [ 255, 255, 255, 255, 255, 255, 255, 255, 255, 255,
                255, 255, 255, 255, 255, 255, 255, 255, 255, 255, 255,
                255, 255, 255, 255, 255, 255, 255, 255, 255, 255, 255,
                255, 255, 255, 255, 255, 255, 255, 255, 255, 255, 255,
                255, 255, 255, 255, 255, 255, 255, 255, 255, 255, 255,
                255, 255, 255, 255, 255, 255, 255, 255, 255, 255, 255,
                255, 255, 255, 255, 255, 255, 255, 255, 255, 255 ]
        }
    },
    "box": {
        "boxID": 2244,
        "frame": 531,
        "posX": 1056,
        "posY": 216,
        "mat": {
            "type_id": "opencv-matrix",
            "rows": 5,
            "cols": 5,
            "dt": "3u",
            "data": [ 247, 249, 233, 191, 193, 177, 180, 87, 73, 180, 87,
                73, 255, 209, 190, 247, 249, 233, 189, 191, 175, 177, 84,
                70, 180, 87, 73, 255, 209, 190, 255, 246, 233, 188, 173,
                160, 160, 69, 55, 178, 87, 73, 255, 221, 201, 255, 246,
                233, 188, 173, 160, 160, 69, 55, 178, 87, 73, 255, 226,
                206, 197, 166, 155, 133, 102, 91, 159, 106, 86, 247, 194,
                174, 255, 243, 216 ]
        }
    }
}
