{
    "box": {
        "boxID": 2269,
        "frame": 545,
        "posX": 1056,
        "posY": 162,
        "mat": {
            "type_id": "opencv-matrix",
            "rows": 5,
            "cols": 5,
            "dt": "3u",
            "data": [ 255, 255, 255, 255, 255, 255, 255, 255, 255, 255,
                255, 255, 255, 255, 255, 255, 255, 255, 255, 255, 255,
                255, 255, 255, 255, 255, 255, 255, 255, 255, 255, 255,
                255, 255, 255, 255, 255, 255, 255, 255, 255, 255, 255,
                255, 255, 255, 255, 255, 255, 255, 255, 255, 255, 255,
                255, 255, 255, 255, 255, 255, 255, 255, 255, 255, 255,
                255, 255, 255, 255, 255, 255, 255, 255, 255, 255 ]
        }
    },
    "box": {
        "boxID": 2270,
        "frame": 545,
        "posX": 1056,
        "posY": 216,
        "mat": {
            "type_id": "opencv-matrix",
            "rows": 5,
            "cols": 5,
            "dt": "3u",
            "data": [ 255, 241, 254, 255, 255, 255, 255, 236, 203, 109,
                90, 57, 214, 62, 44, 255, 241, 254, 255, 255, 255, 249,
                230, 197, 112, 93, 60, 218, 66, 48, 255, 239, 254, 255,
                255, 255, 255, 240, 199, 146, 91, 50, 180, 72, 40, 255,
                244, 255, 255, 247, 255, 252, 197, 156, 143, 88, 47, 212,
                104, 72, 255, 239, 255, 203, 148, 167, 182, 60, 32, 206,
                84, 56, 255, 216, 175 ]
        }
    }
}
