{
    "box": {
        "boxID": 2179,
        "frame": 490,
        "posX": 864,
        "posY": 216,
        "mat": {
            "type_id": "opencv-matrix",
            "rows": 5,
            "cols": 5,
            "dt": "3u",
            "data": [ 255, 255, 255, 255, 255, 255, 255, 255, 255, 255,
                255, 255, 255, 255, 255, 255, 255, 255, 255, 255, 255,
                255, 255, 255, 255, 255, 255, 255, 255, 255, 255, 255,
                255, 255, 255, 255, 255, 255, 255, 255, 255, 255, 255,
                255, 255, 255, 255, 255, 255, 255, 255, 255, 255, 255,
                255, 255, 255, 255, 255, 255, 255, 255, 255, 255, 255,
                255, 255, 255, 255, 255, 255, 255, 255, 255, 255 ]
        }
    },
    "box": {
        "boxID": 2180,
        "frame": 490,
        "posX": 960,
        "posY": 216,
        "mat": {
            "type_id": "opencv-matrix",
            "rows": 5,
            "cols": 5,
            "dt": "3u",
            "data": [ 255, 254, 255, 255, 254, 255, 255, 255, 255, 255,
                255, 255, 255, 255, 255, 255, 254, 255, 255, 254, 255,
                255, 255, 255, 255, 255, 255, 255, 255, 255, 255, 254,
                255, 255, 252, 253, 253, 253, 253, 253, 253, 253, 253,
                253, 253, 255, 254, 255, 255, 254, 255, 255, 255, 255,
                253, 253, 253, 253, 253, 253, 255, 252, 251, 255, 251,
                250, 252, 252, 252, 253, 253, 253, 253, 253, 253 ]
        }
    }
}
