{
    "box": {
        "boxID": 293,
        "frame": 9,
        "posX": 96,
        "posY": 0,
        "mat": {
            "type_id": "opencv-matrix",
            "rows": 5,
            "cols": 5,
            "dt": "3u",
            "data": [ 255, 255, 255, 255, 255, 255, 255, 255, 255, 255,
                255, 255, 255, 255, 255, 255, 255, 255, 255, 255, 255,
                255, 255, 255, 255, 255, 255, 255, 255, 255, 255, 255,
                255, 255, 255, 255, 255, 255, 255, 255, 255, 255, 255,
                255, 255, 255, 255, 255, 255, 255, 255, 255, 255, 255,
                255, 255, 255, 255, 255, 255, 255, 255, 255, 255, 255,
                255, 255, 255, 255, 255, 255, 255, 255, 255, 255 ]
        }
    },
    "box": {
        "boxID": 294,
        "frame": 9,
        "posX": 480,
        "posY": 324,
        "mat": {
            "type_id": "opencv-matrix",
            "rows": 5,
            "cols": 5,
            "dt": "3u",
            "data": [ 255, 255, 255, 188, 188, 188, 34, 34, 34, 0, 0, 0,
                46, 46, 46, 255, 255, 255, 245, 245, 245, 104, 104, 104,
                0, 0, 0, 19, 19, 19, 255, 255, 255, 255, 255, 255, 161,
                161, 161, 62, 62, 62, 0, 0, 0, 255, 255, 255, 255, 255,
                255, 179, 179, 179, 119, 119, 119, 8, 8, 8, 196, 196,
                196, 196, 196, 196, 167, 167, 167, 166, 166, 166, 38, 38,
                38 ]
        }
    },
    "box": {
        "boxID": 295,
        "frame": 9,
        "posX": 672,
        "posY": 810,
        "mat": {
            "type_id": "opencv-matrix",
            "rows": 5,
            "cols": 5,
            "dt": "3u",
            "data": [ 105, 85, 143, 82, 62, 120, 102, 76, 151, 172, 146,
                221, 252, 233, 255, 67, 47, 105, 116, 96, 154, 193, 167,
                242, 239, 213, 255, 244, 225, 255, 204, 186, 239, 231,
                213, 255, 235, 225, 254, 225, 215, 244, 234, 229, 243,
                255, 255, 255, 255, 238, 255, 249, 239, 255, 249, 239,
                255, 245, 240, 254, 243, 234, 255, 253, 244, 255, 250,
                244, 255, 250, 244, 255, 249, 245, 255 ]
        }
    },
    "box": {
        "boxID": 296,
        "frame": 9,
        "posX": 864,
        "posY": 324,
        "mat": {
            "type_id": "opencv-matrix",
            "rows": 5,
            "cols": 5,
            "dt": "3u",
            "data": [ 231, 231, 231, 231, 231, 231, 231, 231, 231, 231,
                231, 231, 231, 231, 231, 231, 231, 231, 231, 231, 231,
                231, 231, 231, 231, 231, 231, 231, 231, 231, 231, 231,
                231, 231, 231, 231, 232, 232, 232, 231, 231, 231, 231,
                231, 231, 231, 231, 231, 231, 231, 231, 235, 235, 235,
                231, 231, 231, 230, 230, 230, 225, 225, 225, 241, 241,
                241, 232, 232, 232, 232, 232, 232, 231, 231, 231 ]
        }
    },
    "box": {
        "boxID": 297,
        "frame": 9,
        "posX": 864,
        "posY": 594,
        "mat": {
            "type_id": "opencv-matrix",
            "rows": 5,
            "cols": 5,
            "dt": "3u",
            "data": [ 227, 227, 227, 230, 230, 230, 235, 235, 235, 238,
                238, 238, 245, 245, 243, 228, 228, 228, 230, 230, 230,
                229, 229, 229, 236, 236, 236, 243, 243, 241, 242, 242,
                242, 241, 241, 241, 237, 237, 237, 243, 243, 243, 248,
                248, 248, 248, 248, 248, 248, 248, 248, 245, 245, 245,
                248, 248, 248, 251, 251, 251, 252, 252, 252, 251, 251,
                251, 250, 250, 248, 252, 252, 250, 255, 255, 253 ]
        }
    },
    "box": {
        "boxID": 298,
        "frame": 9,
        "posX": 864,
        "posY": 648,
        "mat": {
            "type_id": "opencv-matrix",
            "rows": 5,
            "cols": 5,
            "dt": "3u",
            "data": [ 253, 253, 253, 253, 253, 253, 253, 253, 253, 253,
                253, 253, 253, 253, 253, 253, 253, 253, 253, 253, 253,
                253, 253, 253, 253, 253, 253, 253, 253, 253, 253, 252,
                254, 253, 252, 254, 253, 252, 254, 253, 252, 254, 253,
                252, 254, 253, 252, 254, 253, 252, 254, 253, 252, 254,
                253, 252, 254, 253, 252, 254, 253, 252, 254, 253, 252,
                254, 253, 252, 254, 253, 252, 254, 253, 252, 254 ]
        }
    },
    "box": {
        "boxID": 299,
        "frame": 9,
        "posX": 864,
        "posY": 1026,
        "mat": {
            "type_id": "opencv-matrix",
            "rows": 5,
            "cols": 5,
            "dt": "3u",
            "data": [ 255, 255, 255, 255, 255, 255, 255, 255, 255, 255,
                255, 255, 255, 255, 255, 255, 255, 255, 255, 255, 255,
                255, 255, 255, 255, 255, 255, 255, 255, 255, 255, 255,
                255, 255, 255, 255, 255, 255, 255, 255, 255, 255, 255,
                255, 255, 255, 255, 255, 255, 255, 255, 255, 255, 255,
                255, 255, 255, 255, 255, 255, 255, 255, 255, 255, 255,
                255, 255, 255, 255, 255, 255, 255, 255, 255, 255 ]
        }
    },
    "box": {
        "boxID": 300,
        "frame": 9,
        "posX": 960,
        "posY": 270,
        "mat": {
            "type_id": "opencv-matrix",
            "rows": 5,
            "cols": 5,
            "dt": "3u",
            "data": [ 255, 255, 255, 255, 255, 255, 255, 255, 255, 255,
                255, 255, 255, 255, 255, 255, 255, 255, 255, 255, 255,
                255, 255, 255, 255, 255, 255, 255, 255, 255, 255, 255,
                255, 255, 255, 255, 255, 255, 255, 255, 255, 255, 255,
                255, 255, 255, 255, 255, 255, 255, 255, 255, 255, 255,
                255, 255, 255, 255, 255, 255, 255, 252, 253, 255, 252,
                253, 255, 252, 253, 255, 252, 253, 255, 252, 253 ]
        }
    },
    "box": {
        "boxID": 301,
        "frame": 9,
        "posX": 960,
        "posY": 810,
        "mat": {
            "type_id": "opencv-matrix",
            "rows": 5,
            "cols": 5,
            "dt": "3u",
            "data": [ 255, 255, 255, 255, 255, 255, 255, 255, 255, 255,
                255, 255, 255, 255, 255, 255, 255, 255, 255, 255, 255,
                255, 255, 255, 255, 255, 255, 255, 255, 255, 255, 255,
                255, 255, 255, 255, 255, 255, 255, 255, 255, 255, 255,
                255, 255, 255, 255, 255, 255, 255, 255, 255, 255, 255,
                255, 255, 255, 255, 255, 255, 255, 255, 255, 255, 255,
                255, 255, 255, 255, 255, 255, 255, 255, 255, 255 ]
        }
    },
    "box": {
        "boxID": 302,
        "frame": 9,
        "posX": 960,
        "posY": 864,
        "mat": {
            "type_id": "opencv-matrix",
            "rows": 5,
            "cols": 5,
            "dt": "3u",
            "data": [ 255, 255, 255, 255, 255, 255, 255, 255, 255, 255,
                255, 255, 255, 255, 255, 255, 255, 255, 255, 255, 255,
                255, 255, 255, 255, 255, 255, 255, 255, 255, 255, 255,
                255, 255, 255, 255, 255, 255, 255, 255, 255, 255, 255,
                255, 255, 255, 255, 255, 255, 255, 255, 255, 255, 255,
                255, 255, 255, 255, 255, 255, 255, 255, 255, 255, 255,
                255, 255, 255, 255, 255, 255, 255, 255, 255, 255 ]
        }
    },
    "box": {
        "boxID": 303,
        "frame": 9,
        "posX": 1056,
        "posY": 702,
        "mat": {
            "type_id": "opencv-matrix",
            "rows": 5,
            "cols": 5,
            "dt": "3u",
            "data": [ 255, 255, 255, 255, 255, 255, 255, 255, 255, 255,
                255, 255, 255, 255, 255, 255, 255, 255, 255, 255, 255,
                255, 255, 255, 255, 255, 255, 255, 255, 255, 255, 255,
                255, 255, 255, 255, 255, 255, 255, 255, 255, 255, 255,
                255, 255, 255, 255, 255, 255, 255, 255, 255, 255, 255,
                255, 255, 255, 255, 255, 255, 255, 255, 255, 255, 255,
