{
    "box": {
        "boxID": 1740,
        "frame": 273,
        "posX": 1344,
        "posY": 594,
        "mat": {
            "type_id": "opencv-matrix",
            "rows": 5,
            "cols": 5,
            "dt": "3u",
            "data": [ 255, 255, 255, 255, 255, 255, 255, 255, 255, 255,
                255, 255, 255, 255, 255, 93, 93, 93, 165, 165, 165, 255,
                255, 255, 253, 253, 253, 255, 255, 255, 137, 137, 137,
                123, 123, 123, 194, 194, 194, 255, 255, 255, 246, 246,
                246, 159, 159, 159, 241, 241, 241, 151, 151, 151, 187,
                187, 187, 255, 255, 255, 146, 146, 146, 255, 255, 255,
                250, 250, 250, 126, 126, 126, 174, 174, 174 ]
        }
    }
}
