{
    "box": {
        "boxID": 1744,
        "frame": 277,
        "posX": 1344,
        "posY": 432,
        "mat": {
            "type_id": "opencv-matrix",
            "rows": 5,
            "cols": 5,
            "dt": "3u",
            "data": [ 159, 159, 159, 159, 159, 159, 159, 159, 159, 159,
                159, 159, 159, 159, 159, 159, 159, 159, 159, 159, 159,
                159, 159, 159, 159, 159, 159, 159, 159, 159, 159, 159,
                159, 159, 159, 159, 159, 159, 159, 159, 159, 159, 159,
                159, 159, 159, 159, 159, 159, 159, 159, 159, 159, 159,
                159, 159, 159, 159, 159, 159, 159, 159, 159, 159, 159,
                159, 159, 159, 159, 159, 159, 159, 159, 159, 159 ]
        }
    },
    "box": {
        "boxID": 1745,
        "frame": 277,
        "posX": 1344,
        "posY": 486,
        "mat": {
            "type_id": "opencv-matrix",
            "rows": 5,
            "cols": 5,
            "dt": "3u",
            "data": [ 132, 132, 132, 132, 132, 132, 132, 132, 132, 132,
                132, 132, 132, 132, 132, 126, 126, 126, 128, 128, 128,
                128, 128, 128, 128, 128, 128, 128, 128, 128, 124, 124,
                124, 125, 125, 125, 125, 125, 125, 125, 125, 125, 125,
                125, 125, 119, 119, 119, 119, 119, 119, 119, 119, 119,
                119, 119, 119, 119, 119, 119, 111, 111, 111, 111, 111,
                111, 110, 110, 110, 110, 110, 110, 110, 110, 110 ]
        }
    }
}
