{
    "box": {
        "boxID": 2162,
        "frame": 485,
        "posX": 864,
        "posY": 216,
        "mat": {
            "type_id": "opencv-matrix",
            "rows": 5,
            "cols": 5,
            "dt": "3u",
            "data": [ 255, 255, 255, 255, 255, 255, 255, 255, 255, 255,
                255, 255, 255, 255, 255, 255, 255, 255, 255, 255, 255,
                255, 255, 255, 255, 255, 255, 255, 255, 255, 255, 255,
                255, 255, 255, 255, 255, 255, 255, 255, 255, 255, 255,
                255, 255, 255, 255, 255, 255, 255, 255, 255, 255, 255,
                255, 255, 255, 255, 255, 255, 255, 255, 255, 255, 255,
                255, 255, 255, 255, 255, 255, 255, 255, 255, 255 ]
        }
    },
    "box": {
        "boxID": 2163,
        "frame": 485,
        "posX": 960,
        "posY": 162,
        "mat": {
            "type_id": "opencv-matrix",
            "rows": 5,
            "cols": 5,
            "dt": "3u",
            "data": [ 255, 255, 255, 255, 255, 255, 255, 255, 255, 255,
                255, 255, 255, 255, 255, 255, 255, 255, 255, 255, 255,
                255, 255, 255, 255, 255, 255, 255, 255, 255, 255, 255,
                255, 255, 255, 255, 255, 255, 255, 255, 255, 255, 255,
                255, 255, 255, 255, 255, 255, 255, 255, 255, 255, 255,
                255, 255, 255, 255, 255, 255, 255, 255, 255, 255, 255,
                255, 255, 255, 255, 255, 255, 255, 255, 255, 255 ]
        }
    },
    "box": {
        "boxID": 2164,
        "frame": 485,
        "posX": 960,
        "posY": 216,
        "mat": {
            "type_id": "opencv-matrix",
            "rows": 5,
            "cols": 5,
            "dt": "3u",
            "data": [ 248, 249, 244, 239, 240, 235, 255, 255, 255, 202,
                202, 200, 46, 46, 44, 251, 252, 247, 255, 255, 255, 209,
                209, 207, 61, 61, 59, 41, 41, 39, 255, 255, 246, 255,
                255, 254, 95, 90, 89, 71, 66, 65, 199, 199, 197, 202,
                202, 193, 84, 84, 75, 97, 92, 91, 226, 221, 220, 255,
                255, 255, 171, 112, 109, 160, 101, 98, 224, 212, 214,
                255, 254, 255, 255, 255, 255 ]
        }
    }
}
