{
    "box": {
        "boxID": 1001,
        "frame": 99,
        "posX": 480,
        "posY": 270,
        "mat": {
            "type_id": "opencv-matrix",
            "rows": 5,
            "cols": 5,
            "dt": "3u",
            "data": [ 255, 254, 255, 255, 254, 255, 255, 254, 255, 255,
                254, 255, 255, 254, 255, 255, 254, 255, 255, 254, 255,
                255, 254, 255, 255, 254, 255, 255, 254, 255, 255, 255,
                255, 255, 255, 255, 255, 255, 255, 255, 255, 255, 255,
                255, 255, 255, 254, 255, 255, 254, 255, 255, 254, 255,
                255, 254, 255, 255, 254, 255, 255, 252, 253, 255, 252,
                253, 255, 252, 253, 255, 252, 253, 255, 252, 253 ]
        }
    }
}
