{
    "box": {
        "boxID": 78,
        "frame": 3,
        "posX": 0,
        "posY": 0,
        "mat": {
            "type_id": "opencv-matrix",
            "rows": 5,
            "cols": 5,
            "dt": "3u",
            "data": [ 228, 228, 228, 228, 228, 228, 228, 228, 228, 228,
                228, 228, 228, 228, 228, 228, 228, 228, 228, 228, 228,
                228, 228, 228, 228, 228, 228, 228, 228, 228, 228, 228,
                228, 228, 228, 228, 228, 228, 228, 228, 228, 228, 228,
                228, 228, 228, 228, 228, 228, 228, 228, 228, 228, 228,
                228, 228, 228, 228, 228, 228, 228, 228, 228, 228, 228,
                228, 228, 228, 228, 228, 228, 228, 228, 228, 228 ]
        }
    },
    "box": {
        "boxID": 79,
        "frame": 3,
        "posX": 0,
        "posY": 54,
        "mat": {
            "type_id": "opencv-matrix",
            "rows": 5,
            "cols": 5,
            "dt": "3u",
            "data": [ 250, 250, 250, 250, 250, 250, 250, 250, 250, 250,
                250, 250, 250, 250, 250, 250, 250, 250, 250, 250, 250,
                250, 250, 250, 250, 250, 250, 250, 250, 250, 250, 250,
                250, 250, 250, 250, 250, 250, 250, 250, 250, 250, 250,
                250, 250, 250, 250, 250, 250, 250, 250, 250, 250, 250,
                250, 250, 250, 250, 250, 250, 250, 250, 250, 250, 250,
                250, 250, 250, 250, 250, 250, 250, 250, 250, 250 ]
        }
    },
    "box": {
        "boxID": 80,
        "frame": 3,
        "posX": 0,
        "posY": 1026,
        "mat": {
            "type_id": "opencv-matrix",
            "rows": 5,
            "cols": 5,
            "dt": "3u",
            "data": [ 228, 228, 228, 228, 228, 228, 228, 228, 228, 228,
                228, 228, 228, 228, 228, 228, 228, 228, 228, 228, 228,
                228, 228, 228, 228, 228, 228, 228, 228, 228, 228, 228,
                228, 228, 228, 228, 228, 228, 228, 228, 228, 228, 228,
                228, 228, 228, 228, 228, 228, 228, 228, 228, 228, 228,
                228, 228, 228, 228, 228, 228, 228, 228, 228, 228, 228,
                228, 228, 228, 228, 228, 228, 228, 228, 228, 228 ]
        }
    },
    "box": {
        "boxID": 81,
        "frame": 3,
        "posX": 96,
        "posY": 1026,
        "mat": {
            "type_id": "opencv-matrix",
            "rows": 5,
            "cols": 5,
            "dt": "3u",
            "data": [ 229, 229, 229, 229, 229, 229, 229, 229, 229, 229,
                229, 229, 229, 229, 229, 229, 229, 229, 229, 229, 229,
                229, 229, 229, 229, 229, 229, 229, 229, 229, 229, 229,
                229, 229, 229, 229, 229, 229, 229, 229, 229, 229, 229,
                229, 229, 229, 229, 229, 229, 229, 229, 229, 229, 229,
                229, 229, 229, 229, 229, 229, 229, 229, 229, 229, 229,
                229, 229, 229, 229, 229, 229, 229, 229, 229, 229 ]
        }
    },
    "box": {
        "boxID": 82,
        "frame": 3,
        "posX": 288,
        "posY": 0,
        "mat": {
            "type_id": "opencv-matrix",
            "rows": 5,
            "cols": 5,
            "dt": "3u",
            "data": [ 231, 231, 231, 231, 231, 231, 231, 231, 231, 231,
                231, 231, 231, 231, 231, 231, 231, 231, 231, 231, 231,
                231, 231, 231, 231, 231, 231, 231, 231, 231, 231, 231,
                231, 231, 231, 231, 231, 231, 231, 231, 231, 231, 231,
                231, 231, 231, 231, 231, 231, 231, 231, 231, 231, 231,
                231, 231, 231, 231, 231, 231, 230, 230, 230, 231, 231,
                231, 231, 231, 231, 231, 231, 231, 231, 231, 231 ]
        }
    },
    "box": {
        "boxID": 83,
        "frame": 3,
        "posX": 384,
        "posY": 324,
        "mat": {
            "type_id": "opencv-matrix",
            "rows": 5,
            "cols": 5,
            "dt": "3u",
            "data": [ 255, 255, 255, 255, 255, 255, 255, 255, 255, 255,
                255, 255, 255, 255, 255, 255, 255, 255, 255, 255, 255,
                255, 255, 255, 255, 255, 255, 255, 255, 255, 255, 255,
                255, 255, 255, 255, 255, 255, 255, 255, 255, 255, 255,
                255, 255, 255, 255, 255, 255, 255, 255, 255, 255, 255,
                255, 255, 255, 255, 255, 255, 255, 255, 255, 255, 255,
                255, 255, 255, 255, 255, 255, 255, 255, 255, 255 ]
        }
    },
    "box": {
        "boxID": 84,
        "frame": 3,
        "posX": 480,
        "posY": 216,
        "mat": {
            "type_id": "opencv-matrix",
            "rows": 5,
            "cols": 5,
            "dt": "3u",
            "data": [ 255, 255, 255, 255, 255, 255, 255, 255, 255, 255,
                255, 255, 255, 255, 255, 255, 255, 255, 255, 255, 255,
                255, 255, 255, 255, 255, 255, 255, 255, 255, 255, 255,
                255, 255, 255, 255, 255, 255, 255, 255, 255, 255, 255,
                255, 255, 255, 255, 255, 255, 255, 255, 255, 255, 255,
                255, 255, 255, 255, 255, 255, 255, 255, 255, 255, 255,
                255, 255, 255, 255, 255, 255, 255, 255, 255, 255 ]
        }
    },
    "box": {
        "boxID": 85,
        "frame": 3,
        "posX": 480,
        "posY": 324,
        "mat": {
            "type_id": "opencv-matrix",
            "rows": 5,
            "cols": 5,
            "dt": "3u",
            "data": [ 255, 255, 255, 188, 188, 188, 34, 34, 34, 0, 0, 0,
                46, 46, 46, 255, 255, 255, 245, 245, 245, 104, 104, 104,
                0, 0, 0, 19, 19, 19, 255, 255, 255, 255, 255, 255, 161,
                161, 161, 62, 62, 62, 0, 0, 0, 255, 255, 255, 255, 255,
                255, 179, 179, 179, 119, 119, 119, 8, 8, 8, 196, 196,
                196, 196, 196, 196, 167, 167, 167, 166, 166, 166, 38, 38,
                38 ]
        }
    },
    "box": {
        "boxID": 86,
        "frame": 3,
        "posX": 480,
        "posY": 378,
        "mat": {
            "type_id": "opencv-matrix",
            "rows": 5,
            "cols": 5,
            "dt": "3u",
            "data": [ 83, 83, 83, 249, 249, 249, 236, 236, 236, 183, 183,
                183, 255, 255, 255, 83, 83, 83, 249, 249, 249, 236, 236,
                236, 183, 183, 183, 255, 255, 255, 83, 83, 83, 249, 249,
                249, 236, 236, 236, 183, 183, 183, 255, 255, 255, 83, 83,
                83, 249, 249, 249, 236, 236, 236, 183, 183, 183, 255,
                255, 255, 82, 82, 82, 251, 251, 251, 235, 235, 235, 183,
                183, 183, 255, 255, 255 ]
        }
    },
    "box": {
        "boxID": 87,
        "frame": 3,
        "posX": 480,
        "posY": 810,
        "mat": {
            "type_id": "opencv-matrix",
            "rows": 5,
            "cols": 5,
            "dt": "3u",
            "data": [ 255, 255, 255, 255, 255, 255, 255, 255, 255, 255,
                255, 255, 255, 255, 255, 255, 255, 255, 255, 255, 255,
                255, 255, 255, 255, 255, 255, 255, 255, 255, 255, 255,
                255, 255, 255, 255, 255, 255, 255, 255, 255, 255, 255,
                255, 255, 255, 255, 255, 255, 255, 255, 255, 255, 255,
                255, 255, 255, 255, 255, 255, 255, 255, 255, 255, 255,
                255, 255, 255, 255, 255, 255, 255, 255, 255, 255 ]
        }
    },
    "box": {
        "boxID": 88,
        "frame": 3,
        "posX": 576,
        "posY": 324,
        "mat": {
            "type_id": "opencv-matrix",
            "rows": 5,
            "cols": 5,
            "dt": "3u",
            "data": [ 255, 255, 255, 222, 222, 222, 146, 146, 146, 72,
                72, 72, 241, 241, 241, 255, 255, 255, 255, 255, 255, 246,
                246, 246, 222, 222, 222, 241, 241, 241, 255, 255, 255,
                255, 255, 255, 251, 251, 251, 250, 250, 250, 245, 245,
                245, 255, 255, 255, 255, 255, 255, 251, 251, 251, 250,
                250, 250, 245, 245, 245, 255, 255, 255, 255, 255, 255,
                255, 255, 255, 255, 255, 255, 255, 255, 255 ]
