{
    "box": {
        "boxID": 2328,
        "frame": 583,
        "posX": 1056,
        "posY": 162,
        "mat": {
            "type_id": "opencv-matrix",
            "rows": 5,
            "cols": 5,
            "dt": "3u",
            "data": [ 255, 255, 255, 255, 255, 255, 255, 255, 255, 255,
                255, 255, 255, 255, 255, 255, 255, 255, 255, 255, 255,
                255, 255, 255, 255, 255, 255, 255, 255, 255, 255, 255,
                255, 255, 255, 255, 255, 255, 255, 255, 255, 255, 255,
                255, 255, 255, 255, 255, 255, 255, 255, 255, 255, 255,
                255, 255, 255, 255, 255, 255, 255, 255, 255, 255, 255,
                255, 255, 255, 255, 255, 255, 255, 255, 255, 255 ]
        }
    },
    "box": {
        "boxID": 2329,
        "frame": 583,
        "posX": 1152,
        "posY": 108,
        "mat": {
            "type_id": "opencv-matrix",
            "rows": 5,
            "cols": 5,
            "dt": "3u",
            "data": [ 231, 231, 231, 231, 231, 231, 231, 231, 231, 231,
                231, 231, 231, 231, 231, 229, 229, 229, 229, 229, 229,
                229, 229, 229, 229, 229, 229, 229, 229, 229, 222, 222,
                222, 222, 222, 222, 222, 222, 222, 222, 222, 222, 222,
                222, 222, 217, 217, 217, 217, 217, 217, 217, 217, 217,
                217, 217, 217, 217, 217, 217, 214, 214, 214, 214, 214,
                214, 214, 214, 214, 214, 214, 214, 214, 214, 214 ]
        }
    },
    "box": {
        "boxID": 2330,
        "frame": 583,
        "posX": 1152,
        "posY": 162,
        "mat": {
            "type_id": "opencv-matrix",
            "rows": 5,
            "cols": 5,
            "dt": "3u",
            "data": [ 66, 66, 66, 172, 172, 172, 255, 255, 255, 93, 93,
                93, 0, 0, 0, 122, 122, 122, 241, 241, 241, 255, 255, 255,
                255, 255, 255, 108, 108, 108, 220, 220, 220, 207, 207,
                207, 255, 255, 255, 255, 255, 255, 80, 80, 80, 222, 222,
                222, 222, 222, 222, 238, 238, 238, 123, 123, 123, 18, 18,
                18, 255, 255, 255, 255, 255, 255, 102, 102, 102, 46, 46,
                46, 147, 147, 147 ]
        }
    }
}
