{
    "box": {
        "boxID": 931,
        "frame": 56,
        "posX": 288,
        "posY": 0,
        "mat": {
            "type_id": "opencv-matrix",
            "rows": 5,
            "cols": 5,
            "dt": "3u",
            "data": [ 222, 222, 222, 221, 221, 221, 218, 218, 218, 216,
                216, 216, 216, 216, 216, 222, 222, 222, 221, 221, 221,
                218, 218, 218, 216, 216, 216, 216, 216, 216, 222, 222,
                222, 221, 221, 221, 218, 218, 218, 216, 216, 216, 216,
                216, 216, 222, 222, 222, 221, 221, 221, 218, 218, 218,
                216, 216, 216, 216, 216, 216, 222, 222, 222, 221, 221,
                221, 218, 218, 218, 216, 216, 216, 216, 216, 216 ]
        }
    },
    "box": {
        "boxID": 932,
        "frame": 56,
        "posX": 384,
        "posY": 0,
        "mat": {
            "type_id": "opencv-matrix",
            "rows": 5,
            "cols": 5,
            "dt": "3u",
            "data": [ 206, 206, 206, 206, 206, 206, 206, 206, 206, 206,
                206, 206, 206, 206, 206, 206, 206, 206, 206, 206, 206,
                206, 206, 206, 206, 206, 206, 206, 206, 206, 206, 206,
                206, 206, 206, 206, 206, 206, 206, 206, 206, 206, 206,
                206, 206, 206, 206, 206, 206, 206, 206, 206, 206, 206,
                206, 206, 206, 206, 206, 206, 206, 206, 206, 206, 206,
                206, 206, 206, 206, 206, 206, 206, 206, 206, 206 ]
        }
    },
    "box": {
        "boxID": 933,
        "frame": 56,
        "posX": 480,
        "posY": 0,
        "mat": {
            "type_id": "opencv-matrix",
            "rows": 5,
            "cols": 5,
            "dt": "3u",
            "data": [ 206, 206, 206, 206, 206, 206, 206, 206, 206, 206,
                206, 206, 206, 206, 206, 206, 206, 206, 206, 206, 206,
                206, 206, 206, 206, 206, 206, 206, 206, 206, 206, 206,
                206, 206, 206, 206, 206, 206, 206, 206, 206, 206, 206,
                206, 206, 206, 206, 206, 206, 206, 206, 206, 206, 206,
                206, 206, 206, 206, 206, 206, 206, 206, 206, 206, 206,
                206, 206, 206, 206, 206, 206, 206, 206, 206, 206 ]
        }
    },
    "box": {
        "boxID": 934,
        "frame": 56,
        "posX": 576,
        "posY": 0,
        "mat": {
            "type_id": "opencv-matrix",
            "rows": 5,
            "cols": 5,
            "dt": "3u",
            "data": [ 206, 206, 206, 206, 206, 206, 206, 206, 206, 206,
                206, 206, 206, 206, 206, 206, 206, 206, 206, 206, 206,
                206, 206, 206, 206, 206, 206, 206, 206, 206, 206, 206,
                206, 206, 206, 206, 206, 206, 206, 206, 206, 206, 206,
                206, 206, 206, 206, 206, 206, 206, 206, 206, 206, 206,
                206, 206, 206, 206, 206, 206, 206, 206, 206, 206, 206,
                206, 206, 206, 206, 206, 206, 206, 206, 206, 206 ]
        }
    },
    "box": {
        "boxID": 935,
        "frame": 56,
        "posX": 672,
        "posY": 0,
        "mat": {
            "type_id": "opencv-matrix",
            "rows": 5,
            "cols": 5,
            "dt": "3u",
            "data": [ 206, 206, 206, 206, 206, 206, 206, 206, 206, 206,
                206, 206, 206, 206, 206, 206, 206, 206, 206, 206, 206,
                206, 206, 206, 206, 206, 206, 206, 206, 206, 206, 206,
                206, 206, 206, 206, 206, 206, 206, 206, 206, 206, 206,
                206, 206, 206, 206, 206, 206, 206, 206, 206, 206, 206,
                206, 206, 206, 206, 206, 206, 206, 206, 206, 206, 206,
                206, 206, 206, 206, 206, 206, 206, 206, 206, 206 ]
        }
    },
    "box": {
        "boxID": 936,
        "frame": 56,
        "posX": 768,
        "posY": 0,
        "mat": {
            "type_id": "opencv-matrix",
            "rows": 5,
            "cols": 5,
            "dt": "3u",
            "data": [ 206, 206, 206, 206, 206, 206, 206, 206, 206, 206,
                206, 206, 206, 206, 206, 206, 206, 206, 206, 206, 206,
                206, 206, 206, 206, 206, 206, 206, 206, 206, 206, 206,
                206, 206, 206, 206, 206, 206, 206, 206, 206, 206, 206,
                206, 206, 206, 206, 206, 206, 206, 206, 206, 206, 206,
                206, 206, 206, 206, 206, 206, 206, 206, 206, 206, 206,
                206, 206, 206, 206, 206, 206, 206, 206, 206, 206 ]
        }
    },
    "box": {
        "boxID": 937,
        "frame": 56,
        "posX": 768,
        "posY": 1026,
        "mat": {
            "type_id": "opencv-matrix",
            "rows": 5,
            "cols": 5,
            "dt": "3u",
            "data": [ 255, 255, 255, 255, 255, 255, 255, 255, 255, 255,
                255, 255, 255, 255, 255, 255, 255, 255, 255, 255, 255,
                255, 255, 255, 255, 255, 255, 255, 255, 255, 255, 255,
                255, 255, 255, 255, 255, 255, 255, 255, 255, 255, 255,
                255, 255, 255, 255, 255, 255, 255, 255, 255, 255, 255,
                255, 255, 255, 255, 255, 255, 255, 255, 255, 255, 255,
                255, 255, 255, 255, 255, 255, 255, 255, 255, 255 ]
        }
    },
    "box": {
        "boxID": 938,
        "frame": 56,
        "posX": 864,
        "posY": 0,
        "mat": {
            "type_id": "opencv-matrix",
            "rows": 5,
            "cols": 5,
            "dt": "3u",
            "data": [ 206, 206, 206, 206, 206, 206, 206, 206, 206, 206,
                206, 206, 206, 206, 206, 206, 206, 206, 206, 206, 206,
                206, 206, 206, 206, 206, 206, 206, 206, 206, 206, 206,
                206, 206, 206, 206, 206, 206, 206, 206, 206, 206, 206,
                206, 206, 206, 206, 206, 206, 206, 206, 206, 206, 206,
                206, 206, 206, 206, 206, 206, 206, 206, 206, 206, 206,
                206, 206, 206, 206, 206, 206, 206, 206, 206, 206 ]
        }
    },
    "box": {
        "boxID": 939,
        "frame": 56,
        "posX": 864,
        "posY": 1026,
        "mat": {
            "type_id": "opencv-matrix",
            "rows": 5,
            "cols": 5,
            "dt": "3u",
            "data": [ 255, 255, 255, 255, 255, 255, 255, 255, 255, 255,
                255, 255, 255, 255, 255, 255, 255, 255, 255, 255, 255,
                255, 255, 255, 255, 255, 255, 255, 255, 255, 255, 255,
                255, 255, 255, 255, 255, 255, 255, 255, 255, 255, 255,
                255, 255, 255, 255, 255, 255, 255, 255, 255, 255, 255,
                255, 255, 255, 255, 255, 255, 255, 255, 255, 255, 255,
                255, 255, 255, 255, 255, 255, 255, 255, 255, 255 ]
        }
    },
    "box": {
        "boxID": 940,
        "frame": 56,
        "posX": 960,
        "posY": 0,
        "mat": {
            "type_id": "opencv-matrix",
            "rows": 5,
            "cols": 5,
            "dt": "3u",
            "data": [ 206, 206, 206, 206, 206, 206, 206, 206, 206, 206,
                206, 206, 206, 206, 206, 206, 206, 206, 206, 206, 206,
                206, 206, 206, 206, 206, 206, 206, 206, 206, 206, 206,
                206, 206, 206, 206, 206, 206, 206, 206, 206, 206, 206,
                206, 206, 206, 206, 206, 206, 206, 206, 206, 206, 206,
                206, 206, 206, 206, 206, 206, 206, 206, 206, 206, 206,
                206, 206, 206, 206, 206, 206, 206, 206, 206, 206 ]
        }
    },
    "box": {
        "boxID": 941,
        "frame": 56,
        "posX": 1056,
        "posY": 0,
        "mat": {
            "type_id": "opencv-matrix",
            "rows": 5,
            "cols": 5,
            "dt": "3u",
            "data": [ 206, 206, 206, 206, 206, 206, 206, 206, 206, 206,
                206, 206, 206, 206, 206, 206, 206, 206, 206, 206, 206,
                206, 206, 206, 206, 206, 206, 206, 206, 206, 206, 206,
                206, 206, 206, 206, 206, 206, 206, 206, 206, 206, 206,
                206, 206, 206, 206, 206, 206, 206, 206, 206, 206, 206,
                206, 206, 206, 206, 206, 206, 206, 206, 206, 206, 206,
