{
    "box": {
        "boxID": 1767,
        "frame": 295,
        "posX": 864,
        "posY": 432,
        "mat": {
            "type_id": "opencv-matrix",
            "rows": 5,
            "cols": 5,
            "dt": "3u",
            "data": [ 206, 190, 175, 206, 190, 175, 206, 190, 175, 207,
                191, 176, 211, 195, 180, 218, 202, 187, 219, 203, 188,
                220, 204, 189, 222, 206, 191, 225, 209, 194, 211, 200,
                184, 213, 202, 186, 216, 202, 187, 217, 203, 188, 219,
                205, 190, 211, 200, 184, 213, 202, 186, 215, 201, 186,
                216, 202, 187, 218, 204, 189, 220, 208, 194, 222, 210,
                196, 227, 212, 199, 227, 212, 199, 231, 216, 203 ]
        }
    }
}
