{
    "box": {
        "boxID": 2236,
        "frame": 529,
        "posX": 960,
        "posY": 216,
        "mat": {
            "type_id": "opencv-matrix",
            "rows": 5,
            "cols": 5,
            "dt": "3u",
            "data": [ 255, 252, 253, 255, 252, 253, 255, 252, 253, 255,
                252, 253, 253, 253, 253, 255, 252, 253, 255, 252, 253,
                255, 252, 253, 254, 251, 252, 252, 252, 252, 255, 251,
                251, 255, 251, 251, 255, 252, 253, 254, 251, 252, 252,
                252, 252, 255, 253, 253, 255, 251, 251, 255, 252, 253,
                254, 251, 252, 252, 252, 252, 255, 247, 247, 255, 249,
                249, 255, 252, 253, 254, 251, 252, 252, 252, 252 ]
        }
    },
    "box": {
        "boxID": 2237,
        "frame": 529,
        "posX": 1056,
        "posY": 162,
        "mat": {
            "type_id": "opencv-matrix",
            "rows": 5,
            "cols": 5,
            "dt": "3u",
            "data": [ 255, 255, 255, 255, 255, 255, 255, 255, 255, 255,
                255, 255, 255, 255, 255, 255, 255, 255, 255, 255, 255,
                255, 255, 255, 255, 255, 255, 255, 255, 255, 255, 255,
                255, 255, 255, 255, 255, 255, 255, 255, 255, 255, 255,
                255, 255, 255, 255, 255, 255, 255, 255, 255, 255, 255,
                255, 255, 255, 255, 255, 255, 255, 255, 255, 255, 255,
                255, 255, 255, 255, 255, 255, 255, 255, 255, 255 ]
        }
    },
    "box": {
        "boxID": 2238,
        "frame": 529,
        "posX": 1056,
        "posY": 216,
        "mat": {
            "type_id": "opencv-matrix",
            "rows": 5,
            "cols": 5,
            "dt": "3u",
            "data": [ 156, 156, 156, 4, 4, 4, 124, 124, 124, 255, 255,
                255, 255, 255, 255, 110, 110, 110, 37, 37, 37, 64, 64,
                64, 124, 124, 124, 237, 237, 237, 23, 23, 23, 119, 119,
                119, 147, 147, 147, 78, 78, 78, 109, 109, 109, 18, 18,
                18, 208, 208, 208, 255, 255, 255, 222, 222, 222, 0, 0, 0,
                12, 12, 12, 12, 12, 12, 12, 12, 12, 12, 12, 12, 116, 116,
                116 ]
        }
    }
}
