{
    "box": {
        "boxID": 1739,
        "frame": 272,
        "posX": 1344,
        "posY": 594,
        "mat": {
            "type_id": "opencv-matrix",
            "rows": 5,
            "cols": 5,
            "dt": "3u",
            "data": [ 255, 255, 255, 253, 253, 253, 253, 253, 253, 253,
                253, 253, 253, 253, 253, 255, 255, 255, 253, 253, 253,
                253, 253, 253, 252, 252, 252, 255, 255, 255, 255, 255,
                255, 253, 253, 253, 252, 252, 252, 249, 249, 249, 255,
                255, 255, 255, 255, 255, 253, 253, 253, 252, 252, 252,
                246, 246, 246, 255, 255, 255, 255, 255, 255, 253, 253,
                253, 253, 253, 253, 249, 249, 249, 255, 255, 255 ]
        }
    }
}
