{
    "box": {
        "boxID": 963,
        "frame": 61,
        "posX": 0,
        "posY": 0,
        "mat": {
            "type_id": "opencv-matrix",
            "rows": 5,
            "cols": 5,
            "dt": "3u",
            "data": [ 206, 206, 206, 206, 206, 206, 206, 206, 206, 206,
                206, 206, 206, 206, 206, 206, 206, 206, 206, 206, 206,
                206, 206, 206, 206, 206, 206, 206, 206, 206, 206, 206,
                206, 206, 206, 206, 206, 206, 206, 206, 206, 206, 206,
                206, 206, 206, 206, 206, 206, 206, 206, 206, 206, 206,
                206, 206, 206, 206, 206, 206, 206, 206, 206, 206, 206,
                206, 206, 206, 206, 206, 206, 206, 206, 206, 206 ]
        }
    },
    "box": {
        "boxID": 964,
        "frame": 61,
        "posX": 96,
        "posY": 0,
        "mat": {
            "type_id": "opencv-matrix",
            "rows": 5,
            "cols": 5,
            "dt": "3u",
            "data": [ 249, 249, 249, 248, 248, 248, 246, 246, 246, 244,
                244, 244, 243, 243, 243, 249, 249, 249, 248, 248, 248,
                246, 246, 246, 244, 244, 244, 243, 243, 243, 250, 250,
                250, 249, 249, 249, 246, 246, 246, 244, 244, 244, 243,
                243, 243, 251, 251, 251, 249, 249, 249, 246, 246, 246,
                244, 244, 244, 243, 243, 243, 250, 250, 250, 249, 249,
                249, 246, 246, 246, 244, 244, 244, 243, 243, 243 ]
        }
    },
    "box": {
        "boxID": 965,
        "frame": 61,
        "posX": 192,
        "posY": 0,
        "mat": {
            "type_id": "opencv-matrix",
            "rows": 5,
            "cols": 5,
            "dt": "3u",
            "data": [ 250, 250, 250, 249, 249, 249, 249, 249, 249, 248,
                248, 248, 248, 248, 248, 250, 250, 250, 249, 249, 249,
                249, 249, 249, 248, 248, 248, 248, 248, 248, 250, 250,
                250, 249, 249, 249, 249, 249, 249, 248, 248, 248, 248,
                248, 248, 250, 250, 250, 249, 249, 249, 249, 249, 249,
                248, 248, 248, 248, 248, 248, 250, 250, 250, 249, 249,
                249, 249, 249, 249, 248, 248, 248, 248, 248, 248 ]
        }
    },
    "box": {
        "boxID": 966,
        "frame": 61,
        "posX": 768,
        "posY": 1026,
        "mat": {
            "type_id": "opencv-matrix",
            "rows": 5,
            "cols": 5,
            "dt": "3u",
            "data": [ 255, 255, 255, 255, 255, 255, 255, 255, 255, 255,
                255, 255, 255, 255, 255, 255, 255, 255, 255, 255, 255,
                255, 255, 255, 255, 255, 255, 255, 255, 255, 255, 255,
                255, 255, 255, 255, 255, 255, 255, 255, 255, 255, 255,
                255, 255, 255, 255, 255, 255, 255, 255, 255, 255, 255,
                255, 255, 255, 255, 255, 255, 255, 255, 255, 255, 255,
                255, 255, 255, 255, 255, 255, 255, 255, 255, 255 ]
        }
    },
    "box": {
        "boxID": 967,
        "frame": 61,
        "posX": 864,
        "posY": 1026,
        "mat": {
            "type_id": "opencv-matrix",
            "rows": 5,
            "cols": 5,
            "dt": "3u",
            "data": [ 255, 255, 255, 255, 255, 255, 255, 255, 255, 255,
                255, 255, 255, 255, 255, 255, 255, 255, 255, 255, 255,
                255, 255, 255, 255, 255, 255, 255, 255, 255, 255, 255,
                255, 255, 255, 255, 255, 255, 255, 255, 255, 255, 255,
                255, 255, 255, 255, 255, 255, 255, 255, 255, 255, 255,
                255, 255, 255, 255, 255, 255, 255, 255, 255, 255, 255,
                255, 255, 255, 255, 255, 255, 255, 255, 255, 255 ]
        }
    },
    "box": {
        "boxID": 968,
        "frame": 61,
        "posX": 1824,
        "posY": 0,
        "mat": {
            "type_id": "opencv-matrix",
            "rows": 5,
            "cols": 5,
            "dt": "3u",
            "data": [ 206, 206, 206, 206, 206, 206, 206, 206, 206, 206,
                206, 206, 206, 206, 206, 206, 206, 206, 206, 206, 206,
                206, 206, 206, 206, 206, 206, 206, 206, 206, 206, 206,
                206, 206, 206, 206, 206, 206, 206, 206, 206, 206, 206,
                206, 206, 206, 206, 206, 206, 206, 206, 206, 206, 206,
                206, 206, 206, 206, 206, 206, 206, 206, 206, 206, 206,
                206, 206, 206, 206, 206, 206, 206, 206, 206, 206 ]
        }
    }
}
