{
    "box": {
        "boxID": 169,
        "frame": 5,
        "posX": 0,
        "posY": 0,
        "mat": {
            "type_id": "opencv-matrix",
            "rows": 5,
            "cols": 5,
            "dt": "3u",
            "data": [ 228, 228, 228, 228, 228, 228, 228, 228, 228, 228,
                228, 228, 228, 228, 228, 228, 228, 228, 228, 228, 228,
                228, 228, 228, 228, 228, 228, 228, 228, 228, 228, 228,
                228, 228, 228, 228, 228, 228, 228, 228, 228, 228, 228,
                228, 228, 228, 228, 228, 228, 228, 228, 228, 228, 228,
                228, 228, 228, 228, 228, 228, 228, 228, 228, 228, 228,
                228, 228, 228, 228, 228, 228, 228, 228, 228, 228 ]
        }
    },
    "box": {
        "boxID": 170,
        "frame": 5,
        "posX": 96,
        "posY": 0,
        "mat": {
            "type_id": "opencv-matrix",
            "rows": 5,
            "cols": 5,
            "dt": "3u",
            "data": [ 255, 255, 255, 255, 255, 255, 255, 255, 255, 255,
                255, 255, 255, 255, 255, 255, 255, 255, 255, 255, 255,
                255, 255, 255, 255, 255, 255, 255, 255, 255, 255, 255,
                255, 255, 255, 255, 255, 255, 255, 255, 255, 255, 255,
                255, 255, 255, 255, 255, 255, 255, 255, 255, 255, 255,
                255, 255, 255, 255, 255, 255, 255, 255, 255, 255, 255,
                255, 255, 255, 255, 255, 255, 255, 255, 255, 255 ]
        }
    },
    "box": {
        "boxID": 171,
        "frame": 5,
        "posX": 384,
        "posY": 270,
        "mat": {
            "type_id": "opencv-matrix",
            "rows": 5,
            "cols": 5,
            "dt": "3u",
            "data": [ 255, 255, 255, 255, 255, 255, 255, 255, 255, 255,
                255, 255, 255, 255, 255, 255, 255, 255, 255, 255, 255,
                255, 255, 255, 255, 255, 255, 255, 255, 255, 255, 255,
                255, 255, 255, 255, 255, 255, 255, 255, 255, 255, 255,
                255, 255, 255, 255, 255, 255, 255, 255, 255, 255, 255,
                255, 255, 255, 255, 255, 255, 255, 255, 255, 255, 255,
                255, 255, 255, 255, 255, 255, 255, 255, 255, 255 ]
        }
    },
    "box": {
        "boxID": 172,
        "frame": 5,
        "posX": 576,
        "posY": 810,
        "mat": {
            "type_id": "opencv-matrix",
            "rows": 5,
            "cols": 5,
            "dt": "3u",
            "data": [ 255, 255, 255, 255, 255, 255, 255, 255, 255, 255,
                255, 255, 255, 255, 255, 255, 255, 255, 255, 255, 255,
                255, 255, 255, 255, 255, 255, 255, 255, 255, 255, 255,
                255, 255, 255, 255, 255, 255, 255, 255, 255, 255, 255,
                255, 255, 255, 255, 255, 255, 255, 255, 255, 255, 255,
                255, 255, 255, 255, 255, 255, 255, 255, 255, 255, 255,
                255, 255, 255, 255, 255, 255, 255, 255, 255, 255 ]
        }
    },
    "box": {
        "boxID": 173,
        "frame": 5,
        "posX": 672,
        "posY": 324,
        "mat": {
            "type_id": "opencv-matrix",
            "rows": 5,
            "cols": 5,
            "dt": "3u",
            "data": [ 255, 255, 255, 255, 255, 255, 255, 255, 255, 255,
                255, 255, 231, 231, 231, 255, 255, 255, 255, 255, 255,
                255, 255, 255, 255, 255, 255, 234, 234, 234, 255, 255,
                255, 255, 255, 255, 255, 255, 255, 255, 255, 255, 255,
                255, 255, 255, 255, 255, 255, 255, 255, 255, 255, 255,
                255, 255, 255, 255, 255, 255, 255, 255, 255, 255, 255,
                255, 255, 255, 255, 255, 255, 255, 255, 255, 255 ]
        }
    },
    "box": {
        "boxID": 174,
        "frame": 5,
        "posX": 672,
        "posY": 702,
        "mat": {
            "type_id": "opencv-matrix",
            "rows": 5,
            "cols": 5,
            "dt": "3u",
            "data": [ 255, 255, 255, 255, 255, 255, 255, 255, 255, 255,
                255, 255, 255, 255, 255, 255, 255, 255, 255, 255, 255,
                255, 255, 255, 255, 255, 255, 255, 255, 255, 255, 255,
                255, 255, 255, 255, 255, 255, 255, 255, 255, 255, 255,
                255, 255, 255, 255, 255, 255, 255, 255, 255, 255, 255,
                255, 255, 255, 255, 255, 255, 255, 255, 255, 255, 255,
                255, 255, 255, 255, 255, 255, 255, 255, 255, 255 ]
        }
    },
    "box": {
        "boxID": 175,
        "frame": 5,
        "posX": 672,
        "posY": 810,
        "mat": {
            "type_id": "opencv-matrix",
            "rows": 5,
            "cols": 5,
            "dt": "3u",
            "data": [ 83, 32, 181, 78, 27, 176, 135, 99, 205, 165, 129,
                235, 213, 208, 220, 124, 73, 222, 189, 138, 255, 255,
                237, 255, 255, 236, 255, 255, 255, 255, 213, 203, 232,
                238, 228, 255, 238, 233, 245, 238, 233, 245, 238, 230,
                252, 223, 213, 242, 225, 215, 244, 239, 234, 246, 242,
                237, 249, 241, 233, 255, 249, 243, 255, 248, 242, 255,
                244, 241, 248, 245, 242, 249, 243, 238, 250 ]
        }
    },
    "box": {
        "boxID": 176,
        "frame": 5,
        "posX": 864,
        "posY": 324,
        "mat": {
            "type_id": "opencv-matrix",
            "rows": 5,
            "cols": 5,
            "dt": "3u",
            "data": [ 231, 231, 231, 231, 231, 231, 231, 231, 231, 231,
                231, 231, 231, 231, 231, 231, 231, 231, 231, 231, 231,
                231, 231, 231, 231, 231, 231, 231, 231, 231, 231, 231,
                231, 231, 231, 231, 232, 232, 232, 231, 231, 231, 231,
                231, 231, 231, 231, 231, 231, 231, 231, 235, 235, 235,
                231, 231, 231, 230, 230, 230, 225, 225, 225, 241, 241,
                241, 232, 232, 232, 232, 232, 232, 231, 231, 231 ]
        }
    },
    "box": {
        "boxID": 177,
        "frame": 5,
        "posX": 864,
        "posY": 540,
        "mat": {
            "type_id": "opencv-matrix",
            "rows": 5,
            "cols": 5,
            "dt": "3u",
            "data": [ 255, 255, 255, 255, 255, 255, 255, 255, 255, 255,
                255, 255, 255, 255, 255, 255, 255, 255, 255, 255, 255,
                255, 255, 255, 255, 255, 255, 255, 255, 255, 255, 255,
                255, 255, 255, 255, 255, 255, 255, 255, 255, 255, 255,
                255, 255, 255, 255, 255, 255, 255, 255, 255, 255, 255,
                255, 255, 255, 255, 255, 255, 255, 255, 255, 255, 255,
                255, 255, 255, 255, 255, 255, 255, 255, 255, 255 ]
        }
    },
    "box": {
        "boxID": 178,
        "frame": 5,
        "posX": 864,
        "posY": 594,
        "mat": {
            "type_id": "opencv-matrix",
            "rows": 5,
            "cols": 5,
            "dt": "3u",
            "data": [ 227, 227, 227, 230, 230, 230, 235, 235, 235, 238,
                238, 238, 245, 245, 243, 228, 228, 228, 230, 230, 230,
                229, 229, 229, 236, 236, 236, 243, 243, 241, 242, 242,
                242, 241, 241, 241, 237, 237, 237, 243, 243, 243, 248,
                248, 248, 248, 248, 248, 248, 248, 248, 245, 245, 245,
                248, 248, 248, 251, 251, 251, 252, 252, 252, 251, 251,
                251, 250, 250, 248, 252, 252, 250, 255, 255, 253 ]
        }
    },
    "box": {
        "boxID": 179,
        "frame": 5,
        "posX": 864,
        "posY": 1026,
        "mat": {
            "type_id": "opencv-matrix",
            "rows": 5,
            "cols": 5,
            "dt": "3u",
            "data": [ 255, 255, 255, 255, 255, 255, 255, 255, 255, 255,
                255, 255, 255, 255, 255, 255, 255, 255, 255, 255, 255,
                255, 255, 255, 255, 255, 255, 255, 255, 255, 255, 255,
                255, 255, 255, 255, 255, 255, 255, 255, 255, 255, 255,
                255, 255, 255, 255, 255, 255, 255, 255, 255, 255, 255,
                255, 255, 255, 255, 255, 255, 255, 255, 255, 255, 255,
