{
    "box": {
        "boxID": 2192,
        "frame": 496,
        "posX": 0,
        "posY": 0,
        "mat": {
            "type_id": "opencv-matrix",
            "rows": 5,
            "cols": 5,
            "dt": "3u",
            "data": [ 204, 204, 204, 204, 204, 204, 204, 204, 204, 204,
                204, 204, 204, 204, 204, 204, 204, 204, 204, 204, 204,
                204, 204, 204, 204, 204, 204, 204, 204, 204, 204, 204,
                204, 204, 204, 204, 204, 204, 204, 204, 204, 204, 204,
                204, 204, 204, 204, 204, 204, 204, 204, 204, 204, 204,
                204, 204, 204, 204, 204, 204, 204, 204, 204, 204, 204,
                204, 204, 204, 204, 204, 204, 204, 204, 204, 204 ]
        }
    },
    "box": {
        "boxID": 2193,
        "frame": 496,
        "posX": 96,
        "posY": 0,
        "mat": {
            "type_id": "opencv-matrix",
            "rows": 5,
            "cols": 5,
            "dt": "3u",
            "data": [ 244, 244, 244, 244, 244, 244, 244, 244, 244, 244,
                244, 244, 244, 244, 244, 244, 244, 244, 244, 244, 244,
                244, 244, 244, 244, 244, 244, 244, 244, 244, 244, 244,
                244, 244, 244, 244, 244, 244, 244, 244, 244, 244, 244,
                244, 244, 244, 244, 244, 244, 244, 244, 244, 244, 244,
                244, 244, 244, 244, 244, 244, 245, 245, 245, 245, 245,
                245, 245, 245, 245, 245, 245, 245, 245, 245, 245 ]
        }
    },
    "box": {
        "boxID": 2194,
        "frame": 496,
        "posX": 960,
        "posY": 216,
        "mat": {
            "type_id": "opencv-matrix",
            "rows": 5,
            "cols": 5,
            "dt": "3u",
            "data": [ 255, 252, 253, 255, 252, 253, 253, 253, 253, 253,
                253, 253, 253, 253, 253, 255, 252, 253, 255, 252, 253,
                252, 252, 252, 252, 252, 252, 252, 252, 252, 255, 252,
                253, 255, 252, 253, 252, 252, 252, 252, 252, 252, 252,
                252, 252, 255, 252, 253, 255, 252, 253, 252, 252, 252,
                252, 252, 252, 252, 252, 252, 255, 251, 250, 255, 252,
                251, 252, 252, 252, 252, 252, 252, 252, 252, 252 ]
        }
    }
}
