{
    "box": {
        "boxID": 2071,
        "frame": 481,
        "posX": 0,
        "posY": 0,
        "mat": {
            "type_id": "opencv-matrix",
            "rows": 5,
            "cols": 5,
            "dt": "3u",
            "data": [ 204, 204, 204, 204, 204, 204, 204, 204, 204, 204,
                204, 204, 204, 204, 204, 204, 204, 204, 204, 204, 204,
                204, 204, 204, 204, 204, 204, 204, 204, 204, 204, 204,
                204, 204, 204, 204, 204, 204, 204, 204, 204, 204, 204,
                204, 204, 204, 204, 204, 204, 204, 204, 204, 204, 204,
                204, 204, 204, 204, 204, 204, 204, 204, 204, 204, 204,
                204, 204, 204, 204, 204, 204, 204, 204, 204, 204 ]
        }
    },
    "box": {
        "boxID": 2072,
        "frame": 481,
        "posX": 0,
        "posY": 1026,
        "mat": {
            "type_id": "opencv-matrix",
            "rows": 5,
            "cols": 5,
            "dt": "3u",
            "data": [ 230, 230, 230, 230, 230, 230, 230, 230, 230, 230,
                230, 230, 230, 230, 230, 230, 230, 230, 230, 230, 230,
                230, 230, 230, 230, 230, 230, 230, 230, 230, 230, 230,
                230, 230, 230, 230, 230, 230, 230, 230, 230, 230, 230,
                230, 230, 230, 230, 230, 230, 230, 230, 230, 230, 230,
                230, 230, 230, 230, 230, 230, 230, 230, 230, 230, 230,
                230, 230, 230, 230, 230, 230, 230, 230, 230, 230 ]
        }
    },
    "box": {
        "boxID": 2073,
        "frame": 481,
        "posX": 96,
        "posY": 0,
        "mat": {
            "type_id": "opencv-matrix",
            "rows": 5,
            "cols": 5,
            "dt": "3u",
            "data": [ 244, 244, 244, 244, 244, 244, 244, 244, 244, 244,
                244, 244, 244, 244, 244, 244, 244, 244, 244, 244, 244,
                244, 244, 244, 244, 244, 244, 244, 244, 244, 244, 244,
                244, 244, 244, 244, 244, 244, 244, 244, 244, 244, 244,
                244, 244, 244, 244, 244, 244, 244, 244, 244, 244, 244,
                244, 244, 244, 244, 244, 244, 245, 245, 245, 245, 245,
                245, 245, 245, 245, 245, 245, 245, 245, 245, 245 ]
        }
    },
    "box": {
        "boxID": 2074,
        "frame": 481,
        "posX": 192,
        "posY": 0,
        "mat": {
            "type_id": "opencv-matrix",
            "rows": 5,
            "cols": 5,
            "dt": "3u",
            "data": [ 245, 245, 245, 245, 245, 245, 245, 245, 245, 245,
                245, 245, 245, 245, 245, 245, 245, 245, 245, 245, 245,
                245, 245, 245, 245, 245, 245, 245, 245, 245, 245, 245,
                245, 245, 245, 245, 245, 245, 245, 245, 245, 245, 245,
                245, 245, 245, 245, 245, 245, 245, 245, 245, 245, 245,
                245, 245, 245, 245, 245, 245, 245, 245, 245, 245, 245,
                245, 245, 245, 245, 245, 245, 245, 245, 245, 245 ]
        }
    },
    "box": {
        "boxID": 2075,
        "frame": 481,
        "posX": 192,
        "posY": 1026,
        "mat": {
            "type_id": "opencv-matrix",
            "rows": 5,
            "cols": 5,
            "dt": "3u",
            "data": [ 229, 229, 229, 229, 229, 229, 229, 229, 229, 229,
                229, 229, 229, 229, 229, 229, 229, 229, 229, 229, 229,
                229, 229, 229, 229, 229, 229, 229, 229, 229, 229, 229,
                229, 229, 229, 229, 229, 229, 229, 229, 229, 229, 229,
                229, 229, 229, 229, 229, 229, 229, 229, 229, 229, 229,
                229, 229, 229, 229, 229, 229, 229, 229, 229, 229, 229,
                229, 229, 229, 229, 229, 229, 229, 229, 229, 229 ]
        }
    },
    "box": {
        "boxID": 2076,
        "frame": 481,
        "posX": 288,
        "posY": 0,
        "mat": {
            "type_id": "opencv-matrix",
            "rows": 5,
            "cols": 5,
            "dt": "3u",
            "data": [ 203, 203, 203, 202, 202, 202, 201, 201, 201, 200,
                200, 200, 200, 200, 200, 203, 203, 203, 202, 202, 202,
                201, 201, 201, 200, 200, 200, 200, 200, 200, 203, 203,
                203, 202, 202, 202, 201, 201, 201, 200, 200, 200, 200,
                200, 200, 203, 203, 203, 202, 202, 202, 201, 201, 201,
                200, 200, 200, 200, 200, 200, 203, 203, 203, 202, 202,
                202, 201, 201, 201, 200, 200, 200, 200, 200, 200 ]
        }
    },
    "box": {
        "boxID": 2077,
        "frame": 481,
        "posX": 288,
        "posY": 54,
        "mat": {
            "type_id": "opencv-matrix",
            "rows": 5,
            "cols": 5,
            "dt": "3u",
            "data": [ 255, 255, 255, 255, 255, 255, 255, 255, 255, 255,
                255, 255, 255, 255, 255, 252, 252, 252, 252, 252, 252,
                251, 251, 251, 248, 248, 248, 255, 255, 255, 250, 250,
                250, 250, 250, 250, 251, 251, 251, 251, 251, 251, 255,
                255, 255, 251, 251, 251, 251, 251, 251, 251, 251, 251,
                251, 251, 251, 255, 255, 255, 251, 251, 251, 251, 251,
                251, 251, 251, 251, 251, 251, 251, 253, 253, 253 ]
        }
    },
    "box": {
        "boxID": 2078,
        "frame": 481,
        "posX": 288,
        "posY": 1026,
        "mat": {
            "type_id": "opencv-matrix",
            "rows": 5,
            "cols": 5,
            "dt": "3u",
            "data": [ 255, 255, 255, 255, 255, 255, 255, 255, 255, 255,
                255, 255, 255, 255, 255, 255, 255, 255, 255, 255, 255,
                255, 255, 255, 255, 255, 255, 255, 255, 255, 255, 255,
                255, 255, 255, 255, 255, 255, 255, 255, 255, 255, 255,
                255, 255, 255, 255, 255, 255, 255, 255, 255, 255, 255,
                255, 255, 255, 255, 255, 255, 255, 255, 255, 255, 255,
                255, 255, 255, 255, 255, 255, 255, 255, 255, 255 ]
        }
    },
    "box": {
        "boxID": 2079,
        "frame": 481,
        "posX": 384,
        "posY": 0,
        "mat": {
            "type_id": "opencv-matrix",
            "rows": 5,
            "cols": 5,
            "dt": "3u",
            "data": [ 203, 203, 203, 203, 203, 203, 203, 203, 203, 203,
                203, 203, 203, 203, 203, 203, 203, 203, 203, 203, 203,
                203, 203, 203, 203, 203, 203, 203, 203, 203, 203, 203,
                203, 203, 203, 203, 203, 203, 203, 203, 203, 203, 203,
                203, 203, 203, 203, 203, 203, 203, 203, 203, 203, 203,
                203, 203, 203, 203, 203, 203, 203, 203, 203, 203, 203,
                203, 203, 203, 203, 203, 203, 203, 203, 203, 203 ]
        }
    },
    "box": {
        "boxID": 2080,
        "frame": 481,
        "posX": 384,
        "posY": 216,
        "mat": {
            "type_id": "opencv-matrix",
            "rows": 5,
            "cols": 5,
            "dt": "3u",
            "data": [ 255, 255, 255, 255, 255, 255, 255, 255, 255, 255,
                255, 255, 255, 255, 255, 255, 255, 255, 255, 255, 255,
                255, 255, 255, 255, 255, 255, 255, 255, 255, 255, 255,
                255, 255, 255, 255, 255, 255, 255, 255, 255, 255, 255,
                255, 255, 255, 255, 255, 255, 255, 255, 255, 255, 255,
                255, 255, 255, 255, 255, 255, 255, 255, 255, 255, 255,
                255, 255, 255, 255, 255, 255, 255, 255, 255, 255 ]
        }
    },
    "box": {
        "boxID": 2081,
        "frame": 481,
        "posX": 384,
        "posY": 540,
        "mat": {
            "type_id": "opencv-matrix",
            "rows": 5,
            "cols": 5,
            "dt": "3u",
            "data": [ 255, 255, 255, 255, 255, 255, 255, 255, 255, 255,
                255, 255, 255, 255, 255, 255, 255, 255, 255, 255, 255,
                255, 255, 255, 255, 255, 255, 255, 255, 255, 255, 255,
                255, 255, 255, 255, 255, 255, 255, 255, 255, 255, 255,
                255, 255, 255, 255, 255, 255, 255, 255, 255, 255, 255,
