{
    "box": {
        "boxID": 1763,
        "frame": 293,
        "posX": 960,
        "posY": 432,
        "mat": {
            "type_id": "opencv-matrix",
            "rows": 5,
            "cols": 5,
            "dt": "3u",
            "data": [ 237, 217, 187, 237, 217, 187, 241, 219, 189, 241,
                219, 189, 241, 219, 189, 239, 219, 189, 239, 219, 189,
                241, 219, 189, 242, 220, 190, 242, 220, 190, 237, 218,
                192, 237, 218, 192, 239, 216, 193, 239, 216, 193, 240,
                217, 194, 235, 216, 190, 235, 216, 190, 237, 214, 191,
                237, 214, 191, 239, 216, 193, 237, 221, 199, 236, 220,
                198, 238, 217, 196, 238, 217, 196, 235, 214, 193 ]
        }
    },
    "box": {
        "boxID": 1764,
        "frame": 293,
        "posX": 1056,
        "posY": 432,
        "mat": {
            "type_id": "opencv-matrix",
            "rows": 5,
            "cols": 5,
            "dt": "3u",
            "data": [ 142, 126, 106, 149, 133, 113, 188, 169, 150, 217,
                198, 179, 207, 193, 173, 145, 129, 109, 146, 130, 110,
                189, 170, 151, 222, 203, 184, 210, 196, 176, 151, 135,
                115, 142, 126, 106, 185, 170, 152, 225, 210, 192, 209,
                198, 182, 139, 123, 103, 138, 122, 102, 189, 174, 156,
                228, 213, 195, 215, 204, 188, 182, 167, 149, 191, 176,
                158, 199, 184, 166, 222, 207, 189, 215, 204, 188 ]
        }
    }
}
