{
    "box": {
        "boxID": 1347,
        "frame": 248,
        "posX": 864,
        "posY": 648,
        "mat": {
            "type_id": "opencv-matrix",
            "rows": 5,
            "cols": 5,
            "dt": "3u",
            "data": [ 255, 255, 253, 255, 255, 253, 255, 255, 253, 255,
                255, 253, 255, 255, 253, 255, 255, 253, 255, 255, 253,
                255, 255, 253, 255, 255, 253, 255, 255, 253, 255, 255,
                253, 255, 255, 253, 255, 255, 253, 255, 255, 253, 255,
                255, 253, 255, 255, 253, 255, 255, 253, 255, 255, 253,
                255, 255, 253, 255, 255, 253, 255, 255, 253, 255, 255,
                253, 255, 255, 253, 255, 255, 253, 255, 255, 253 ]
        }
    }
}
