{
    "box": {
        "boxID": 1467,
        "frame": 250,
        "posX": 384,
        "posY": 540,
        "mat": {
            "type_id": "opencv-matrix",
            "rows": 5,
            "cols": 5,
            "dt": "3u",
            "data": [ 255, 255, 255, 255, 255, 255, 255, 255, 255, 255,
                255, 255, 255, 255, 255, 255, 255, 255, 255, 255, 255,
                255, 255, 255, 255, 255, 255, 255, 255, 255, 255, 255,
                255, 255, 255, 255, 255, 255, 255, 255, 255, 255, 255,
                255, 255, 255, 255, 255, 255, 255, 255, 255, 255, 255,
                255, 255, 255, 255, 255, 255, 255, 255, 255, 255, 255,
                255, 255, 255, 255, 255, 255, 255, 255, 255, 255 ]
        }
    },
    "box": {
        "boxID": 1468,
        "frame": 250,
        "posX": 384,
        "posY": 756,
        "mat": {
            "type_id": "opencv-matrix",
            "rows": 5,
            "cols": 5,
            "dt": "3u",
            "data": [ 255, 255, 255, 255, 255, 255, 255, 255, 255, 255,
                255, 255, 255, 255, 255, 255, 255, 255, 255, 255, 255,
                255, 255, 255, 255, 255, 255, 255, 255, 255, 255, 255,
                255, 255, 255, 255, 255, 255, 255, 255, 255, 255, 255,
                255, 255, 255, 255, 255, 255, 255, 255, 255, 255, 255,
                255, 255, 255, 255, 255, 255, 255, 255, 255, 255, 255,
                255, 255, 255, 255, 255, 255, 255, 255, 255, 255 ]
        }
    },
    "box": {
        "boxID": 1469,
        "frame": 250,
        "posX": 384,
        "posY": 810,
        "mat": {
            "type_id": "opencv-matrix",
            "rows": 5,
            "cols": 5,
            "dt": "3u",
            "data": [ 255, 255, 255, 255, 255, 255, 255, 255, 255, 255,
                255, 255, 255, 255, 255, 255, 255, 255, 255, 255, 255,
                255, 255, 255, 255, 255, 255, 255, 255, 255, 255, 255,
                255, 255, 255, 255, 255, 255, 255, 255, 255, 255, 255,
                255, 255, 255, 255, 255, 255, 255, 255, 255, 255, 255,
                255, 255, 255, 255, 255, 255, 255, 255, 255, 255, 255,
                255, 255, 255, 255, 255, 255, 255, 255, 255, 255 ]
        }
    },
    "box": {
        "boxID": 1470,
        "frame": 250,
        "posX": 480,
        "posY": 540,
        "mat": {
            "type_id": "opencv-matrix",
            "rows": 5,
            "cols": 5,
            "dt": "3u",
            "data": [ 255, 255, 255, 255, 255, 255, 255, 255, 255, 255,
                255, 255, 255, 255, 255, 255, 255, 255, 255, 255, 255,
                255, 255, 255, 255, 255, 255, 255, 255, 255, 255, 255,
                255, 255, 255, 255, 255, 255, 255, 255, 255, 255, 255,
                255, 255, 255, 255, 255, 255, 255, 255, 255, 255, 255,
                255, 255, 255, 255, 255, 255, 255, 255, 255, 255, 255,
                255, 255, 255, 255, 255, 255, 255, 255, 255, 255 ]
        }
    },
    "box": {
        "boxID": 1471,
        "frame": 250,
        "posX": 480,
        "posY": 648,
        "mat": {
            "type_id": "opencv-matrix",
            "rows": 5,
            "cols": 5,
            "dt": "3u",
            "data": [ 200, 197, 182, 219, 216, 201, 235, 233, 216, 244,
                242, 225, 228, 237, 231, 231, 228, 213, 247, 244, 229,
                255, 255, 239, 255, 255, 242, 244, 253, 247, 245, 248,
                238, 246, 249, 239, 253, 255, 245, 255, 255, 247, 253,
                255, 245, 250, 253, 243, 253, 255, 246, 255, 255, 247,
                255, 255, 249, 255, 255, 249, 252, 255, 245, 252, 255,
                245, 253, 255, 245, 255, 255, 247, 255, 255, 247 ]
        }
    },
    "box": {
        "boxID": 1472,
        "frame": 250,
        "posX": 480,
        "posY": 702,
        "mat": {
            "type_id": "opencv-matrix",
            "rows": 5,
            "cols": 5,
            "dt": "3u",
            "data": [ 255, 255, 255, 255, 255, 255, 255, 255, 255, 255,
                255, 255, 255, 255, 255, 255, 255, 255, 255, 255, 255,
                255, 255, 255, 255, 255, 255, 255, 255, 255, 255, 255,
                255, 255, 255, 255, 255, 255, 255, 255, 255, 255, 255,
                255, 255, 255, 255, 255, 255, 255, 255, 255, 255, 255,
                255, 255, 255, 255, 255, 255, 255, 255, 255, 255, 255,
                255, 255, 255, 255, 255, 255, 255, 255, 255, 255 ]
        }
    },
    "box": {
        "boxID": 1473,
        "frame": 250,
        "posX": 576,
        "posY": 486,
        "mat": {
            "type_id": "opencv-matrix",
            "rows": 5,
            "cols": 5,
            "dt": "3u",
            "data": [ 185, 173, 173, 182, 170, 170, 206, 194, 196, 221,
                209, 211, 232, 227, 207, 185, 173, 173, 182, 170, 170,
                209, 197, 199, 223, 211, 213, 233, 228, 208, 217, 210,
                202, 219, 212, 204, 218, 209, 206, 229, 220, 217, 236,
                231, 216, 237, 230, 222, 238, 231, 223, 240, 231, 228,
                244, 235, 232, 244, 239, 224, 251, 244, 236, 251, 244,
                236, 252, 245, 237, 253, 246, 238, 254, 247, 239 ]
        }
    },
    "box": {
        "boxID": 1474,
        "frame": 250,
        "posX": 576,
        "posY": 648,
        "mat": {
            "type_id": "opencv-matrix",
            "rows": 5,
            "cols": 5,
            "dt": "3u",
            "data": [ 222, 201, 200, 231, 210, 209, 208, 214, 209, 206,
                212, 207, 200, 204, 213, 233, 212, 211, 236, 215, 214,
                217, 223, 218, 220, 226, 221, 218, 222, 231, 247, 236,
                245, 249, 238, 247, 250, 239, 248, 252, 241, 250, 252,
                241, 250, 255, 252, 255, 255, 253, 255, 255, 255, 255,
                255, 255, 255, 255, 255, 255, 255, 252, 255, 255, 253,
                255, 255, 253, 255, 255, 254, 255, 255, 254, 255 ]
        }
    },
    "box": {
        "boxID": 1475,
        "frame": 250,
        "posX": 672,
        "posY": 540,
        "mat": {
            "type_id": "opencv-matrix",
            "rows": 5,
            "cols": 5,
            "dt": "3u",
            "data": [ 255, 255, 255, 255, 255, 255, 255, 255, 255, 255,
                255, 255, 255, 255, 255, 255, 255, 255, 255, 255, 255,
                255, 255, 255, 255, 255, 255, 255, 255, 255, 255, 255,
                255, 255, 255, 255, 255, 255, 255, 255, 255, 255, 255,
                255, 255, 255, 255, 255, 255, 255, 255, 255, 255, 255,
                255, 255, 255, 255, 255, 255, 255, 255, 255, 255, 255,
                255, 255, 255, 255, 255, 255, 255, 255, 255, 255 ]
        }
    },
    "box": {
        "boxID": 1476,
        "frame": 250,
        "posX": 768,
        "posY": 756,
        "mat": {
            "type_id": "opencv-matrix",
            "rows": 5,
            "cols": 5,
            "dt": "3u",
            "data": [ 241, 249, 253, 240, 248, 252, 240, 249, 255, 240,
                249, 255, 242, 251, 255, 242, 250, 254, 242, 250, 254,
                240, 249, 255, 241, 250, 255, 242, 251, 255, 247, 250,
                255, 247, 250, 255, 245, 250, 255, 246, 251, 255, 246,
                251, 255, 250, 253, 255, 250, 253, 255, 248, 253, 255,
                248, 253, 255, 248, 253, 255, 250, 253, 255, 250, 253,
                255, 250, 253, 255, 250, 253, 255, 250, 253, 255 ]
        }
    },
    "box": {
        "boxID": 1477,
        "frame": 250,
        "posX": 768,
        "posY": 810,
        "mat": {
            "type_id": "opencv-matrix",
            "rows": 5,
            "cols": 5,
            "dt": "3u",
            "data": [ 255, 246, 250, 254, 241, 245, 242, 231, 235, 224,
                213, 217, 246, 235, 239, 255, 252, 255, 255, 247, 251,
                253, 242, 246, 247, 236, 240, 250, 239, 243, 255, 250,
                254, 255, 249, 253, 255, 246, 250, 255, 246, 250, 251,
                240, 244, 255, 249, 253, 255, 248, 252, 255, 246, 250,
