{
    "box": {
        "boxID": 763,
        "frame": 33,
        "posX": 192,
        "posY": 1026,
        "mat": {
            "type_id": "opencv-matrix",
            "rows": 5,
            "cols": 5,
            "dt": "3u",
            "data": [ 229, 229, 229, 229, 229, 229, 229, 229, 229, 229,
                229, 229, 229, 229, 229, 229, 229, 229, 229, 229, 229,
                229, 229, 229, 229, 229, 229, 229, 229, 229, 229, 229,
                229, 229, 229, 229, 229, 229, 229, 229, 229, 229, 229,
                229, 229, 229, 229, 229, 229, 229, 229, 229, 229, 229,
                229, 229, 229, 229, 229, 229, 229, 229, 229, 229, 229,
                229, 229, 229, 229, 229, 229, 229, 229, 229, 229 ]
        }
    },
    "box": {
        "boxID": 764,
        "frame": 33,
        "posX": 480,
        "posY": 216,
        "mat": {
            "type_id": "opencv-matrix",
            "rows": 5,
            "cols": 5,
            "dt": "3u",
            "data": [ 255, 255, 255, 255, 255, 255, 255, 255, 255, 255,
                255, 255, 255, 255, 255, 255, 255, 255, 255, 255, 255,
                255, 255, 255, 255, 255, 255, 255, 255, 255, 255, 255,
                255, 255, 255, 255, 255, 255, 255, 255, 255, 255, 255,
                255, 255, 255, 255, 255, 255, 255, 255, 255, 255, 255,
                255, 255, 255, 255, 255, 255, 255, 255, 255, 255, 255,
                255, 255, 255, 255, 255, 255, 255, 255, 255, 255 ]
        }
    },
    "box": {
        "boxID": 765,
        "frame": 33,
        "posX": 480,
        "posY": 324,
        "mat": {
            "type_id": "opencv-matrix",
            "rows": 5,
            "cols": 5,
            "dt": "3u",
            "data": [ 255, 255, 255, 222, 222, 222, 26, 26, 26, 0, 0, 0,
                30, 30, 30, 255, 255, 255, 255, 255, 255, 107, 107, 107,
                0, 0, 0, 3, 3, 3, 255, 255, 255, 255, 255, 255, 185, 185,
                185, 45, 45, 45, 0, 0, 0, 255, 255, 255, 255, 255, 255,
                213, 213, 213, 96, 96, 96, 0, 0, 0, 196, 196, 196, 196,
                196, 196, 167, 167, 167, 166, 166, 166, 29, 29, 29 ]
        }
    },
    "box": {
        "boxID": 766,
        "frame": 33,
        "posX": 480,
        "posY": 1026,
        "mat": {
            "type_id": "opencv-matrix",
            "rows": 5,
            "cols": 5,
            "dt": "3u",
            "data": [ 255, 255, 255, 255, 255, 255, 255, 255, 255, 255,
                255, 255, 255, 255, 255, 255, 255, 255, 255, 255, 255,
                255, 255, 255, 255, 255, 255, 255, 255, 255, 255, 255,
                255, 255, 255, 255, 255, 255, 255, 255, 255, 255, 255,
                255, 255, 255, 255, 255, 255, 255, 255, 255, 255, 255,
                255, 255, 255, 255, 255, 255, 255, 255, 255, 255, 255,
                255, 255, 255, 255, 255, 255, 255, 255, 255, 255 ]
        }
    },
    "box": {
        "boxID": 767,
        "frame": 33,
        "posX": 576,
        "posY": 324,
        "mat": {
            "type_id": "opencv-matrix",
            "rows": 5,
            "cols": 5,
            "dt": "3u",
            "data": [ 255, 255, 255, 142, 142, 142, 46, 46, 46, 179, 179,
                179, 252, 252, 252, 255, 255, 255, 206, 206, 206, 190,
                190, 190, 255, 255, 255, 243, 243, 243, 255, 255, 255,
                243, 243, 243, 239, 239, 239, 255, 255, 255, 245, 245,
                245, 255, 255, 255, 255, 255, 255, 250, 250, 250, 245,
                245, 245, 242, 242, 242, 244, 244, 244, 245, 245, 245,
                255, 255, 255, 255, 255, 255, 255, 255, 255 ]
        }
    },
    "box": {
        "boxID": 768,
        "frame": 33,
        "posX": 768,
        "posY": 324,
        "mat": {
            "type_id": "opencv-matrix",
            "rows": 5,
            "cols": 5,
            "dt": "3u",
            "data": [ 183, 183, 183, 255, 255, 255, 255, 255, 255, 255,
                255, 255, 255, 255, 255, 115, 115, 115, 251, 251, 251,
                255, 255, 255, 255, 255, 255, 255, 255, 255, 46, 46, 46,
                183, 183, 183, 255, 255, 255, 255, 255, 255, 255, 255,
                255, 30, 30, 30, 115, 115, 115, 251, 251, 251, 255, 255,
                255, 255, 255, 255, 20, 20, 20, 93, 93, 93, 237, 237,
                237, 255, 255, 255, 253, 253, 253 ]
        }
    },
    "box": {
        "boxID": 769,
        "frame": 33,
        "posX": 768,
        "posY": 702,
        "mat": {
            "type_id": "opencv-matrix",
            "rows": 5,
            "cols": 5,
            "dt": "3u",
            "data": [ 255, 255, 255, 255, 255, 255, 255, 255, 255, 255,
                255, 255, 255, 255, 255, 255, 255, 255, 255, 255, 255,
                255, 255, 255, 255, 255, 255, 255, 253, 255, 255, 255,
                255, 255, 255, 255, 255, 254, 255, 255, 251, 255, 253,
                250, 255, 255, 255, 255, 255, 254, 255, 255, 252, 255,
                255, 250, 255, 253, 250, 255, 255, 254, 255, 255, 254,
                255, 255, 252, 255, 253, 250, 255, 252, 249, 255 ]
        }
    },
    "box": {
        "boxID": 770,
        "frame": 33,
        "posX": 1056,
        "posY": 54,
        "mat": {
            "type_id": "opencv-matrix",
            "rows": 5,
            "cols": 5,
            "dt": "3u",
            "data": [ 255, 255, 255, 255, 255, 255, 255, 255, 255, 255,
                255, 255, 255, 255, 255, 255, 255, 255, 255, 255, 255,
                255, 255, 255, 255, 255, 255, 255, 255, 255, 255, 255,
                255, 255, 255, 255, 255, 255, 255, 255, 255, 255, 255,
                255, 255, 255, 255, 255, 255, 255, 255, 255, 255, 255,
                255, 255, 255, 255, 255, 255, 255, 255, 255, 255, 255,
                255, 255, 255, 255, 255, 255, 255, 255, 255, 255 ]
        }
    },
    "box": {
        "boxID": 771,
        "frame": 33,
        "posX": 1056,
        "posY": 324,
        "mat": {
            "type_id": "opencv-matrix",
            "rows": 5,
            "cols": 5,
            "dt": "3u",
            "data": [ 242, 242, 242, 242, 242, 242, 242, 242, 242, 242,
                242, 242, 242, 242, 242, 238, 238, 238, 238, 238, 238,
                238, 238, 238, 238, 238, 238, 238, 238, 238, 245, 245,
                245, 238, 238, 238, 232, 232, 232, 225, 225, 225, 225,
                225, 225, 255, 255, 255, 255, 255, 255, 255, 255, 255,
                255, 255, 255, 255, 255, 255, 255, 255, 255, 255, 255,
                255, 255, 255, 255, 255, 255, 255, 255, 255, 255 ]
        }
    },
    "box": {
        "boxID": 772,
        "frame": 33,
        "posX": 1152,
        "posY": 324,
        "mat": {
            "type_id": "opencv-matrix",
            "rows": 5,
            "cols": 5,
            "dt": "3u",
            "data": [ 64, 64, 64, 163, 163, 163, 246, 246, 246, 255, 255,
                255, 255, 255, 255, 0, 0, 0, 86, 86, 86, 249, 249, 249,
                255, 255, 255, 255, 255, 255, 0, 0, 0, 47, 47, 47, 208,
                208, 208, 255, 255, 255, 255, 255, 255, 0, 0, 0, 11, 11,
                11, 179, 179, 179, 255, 255, 255, 255, 255, 255, 0, 0, 0,
                0, 0, 0, 108, 108, 108, 252, 252, 252, 255, 255, 255 ]
        }
    },
    "box": {
        "boxID": 773,
        "frame": 33,
        "posX": 1344,
        "posY": 270,
        "mat": {
            "type_id": "opencv-matrix",
            "rows": 5,
            "cols": 5,
            "dt": "3u",
            "data": [ 255, 255, 255, 255, 255, 255, 255, 255, 255, 255,
                255, 255, 255, 255, 255, 255, 255, 255, 255, 255, 255,
                255, 255, 255, 255, 255, 255, 255, 255, 255, 255, 255,
                255, 255, 255, 255, 255, 255, 255, 255, 255, 255, 255,
                255, 255, 255, 255, 255, 255, 255, 255, 255, 255, 255,
                255, 255, 255, 255, 255, 255, 255, 252, 253, 255, 252,
                253, 255, 252, 253, 255, 252, 253, 255, 252, 253 ]
        }
    },
    "box": {
