{
    "box": {
        "boxID": 1779,
        "frame": 307,
        "posX": 672,
        "posY": 324,
        "mat": {
            "type_id": "opencv-matrix",
            "rows": 5,
            "cols": 5,
            "dt": "3u",
            "data": [ 9, 9, 9, 6, 6, 6, 15, 15, 15, 43, 43, 43, 54, 54,
                54, 85, 85, 85, 126, 126, 126, 147, 147, 147, 154, 154,
                154, 140, 140, 140, 252, 252, 252, 255, 255, 255, 245,
                245, 245, 224, 224, 224, 231, 231, 231, 255, 255, 255,
                255, 255, 255, 255, 255, 255, 245, 245, 245, 255, 255,
                255, 250, 250, 250, 250, 250, 250, 255, 255, 255, 255,
                255, 255, 255, 255, 255 ]
        }
    },
    "box": {
        "boxID": 1780,
        "frame": 307,
        "posX": 672,
        "posY": 378,
        "mat": {
            "type_id": "opencv-matrix",
            "rows": 5,
            "cols": 5,
            "dt": "3u",
            "data": [ 255, 255, 255, 255, 255, 255, 255, 255, 255, 255,
                255, 255, 255, 255, 255, 255, 255, 255, 255, 255, 255,
                255, 255, 255, 255, 255, 255, 255, 255, 255, 255, 255,
                255, 255, 255, 255, 255, 255, 255, 255, 255, 255, 255,
                255, 255, 255, 255, 255, 255, 255, 255, 255, 255, 255,
                255, 255, 255, 255, 255, 255, 255, 255, 255, 255, 255,
                255, 255, 255, 255, 255, 255, 255, 255, 255, 255 ]
        }
    }
}
