{
    "box": {
        "boxID": 1921,
        "frame": 362,
        "posX": 384,
        "posY": 216,
        "mat": {
            "type_id": "opencv-matrix",
            "rows": 5,
            "cols": 5,
            "dt": "3u",
            "data": [ 255, 255, 255, 255, 255, 255, 255, 255, 255, 255,
                255, 255, 255, 255, 255, 255, 255, 255, 255, 255, 255,
                255, 255, 255, 255, 255, 255, 255, 255, 255, 255, 255,
                255, 255, 255, 255, 255, 255, 255, 255, 255, 255, 255,
                255, 255, 255, 255, 255, 255, 255, 255, 255, 255, 255,
                255, 255, 255, 255, 255, 255, 255, 255, 255, 255, 255,
                255, 255, 255, 255, 255, 255, 255, 255, 255, 255 ]
        }
    },
    "box": {
        "boxID": 1922,
        "frame": 362,
        "posX": 1056,
        "posY": 324,
        "mat": {
            "type_id": "opencv-matrix",
            "rows": 5,
            "cols": 5,
            "dt": "3u",
            "data": [ 13, 13, 13, 9, 9, 9, 0, 0, 0, 0, 0, 0, 0, 0, 0,
                214, 214, 214, 185, 185, 185, 126, 126, 126, 97, 97, 97,
                1, 1, 1, 255, 255, 255, 255, 255, 255, 255, 255, 255,
                255, 255, 255, 176, 176, 176, 250, 250, 250, 249, 249,
                249, 255, 255, 255, 255, 255, 255, 255, 255, 255, 252,
                252, 252, 252, 252, 252, 252, 252, 252, 255, 255, 255,
                250, 250, 250 ]
        }
    }
}
