{
    "box": {
        "boxID": 1743,
        "frame": 276,
        "posX": 1344,
        "posY": 486,
        "mat": {
            "type_id": "opencv-matrix",
            "rows": 5,
            "cols": 5,
            "dt": "3u",
            "data": [ 133, 133, 133, 132, 132, 132, 132, 132, 132, 132,
                132, 132, 132, 132, 132, 128, 128, 128, 128, 128, 128,
                128, 128, 128, 128, 128, 128, 128, 128, 128, 125, 125,
                125, 125, 125, 125, 125, 125, 125, 125, 125, 125, 125,
                125, 125, 121, 121, 121, 119, 119, 119, 119, 119, 119,
                119, 119, 119, 119, 119, 119, 112, 112, 112, 111, 111,
                111, 110, 110, 110, 110, 110, 110, 110, 110, 110 ]
        }
    }
}
