{
    "box": {
        "boxID": 2011,
        "frame": 448,
        "posX": 864,
        "posY": 216,
        "mat": {
            "type_id": "opencv-matrix",
            "rows": 5,
            "cols": 5,
            "dt": "3u",
            "data": [ 255, 255, 255, 255, 255, 255, 255, 255, 255, 255,
                255, 255, 255, 255, 255, 255, 255, 255, 255, 255, 255,
                255, 255, 255, 255, 255, 255, 255, 255, 255, 255, 255,
                255, 255, 255, 255, 255, 255, 255, 255, 255, 255, 255,
                255, 255, 255, 255, 255, 255, 255, 255, 255, 255, 255,
                255, 255, 255, 255, 255, 255, 255, 255, 255, 255, 255,
                255, 255, 255, 255, 255, 255, 255, 255, 255, 255 ]
        }
    },
    "box": {
        "boxID": 2012,
        "frame": 448,
        "posX": 960,
        "posY": 216,
        "mat": {
            "type_id": "opencv-matrix",
            "rows": 5,
            "cols": 5,
            "dt": "3u",
            "data": [ 255, 255, 255, 255, 255, 255, 255, 255, 255, 255,
                255, 255, 255, 255, 255, 255, 255, 255, 255, 255, 255,
                255, 255, 255, 255, 255, 255, 255, 255, 255, 255, 255,
                255, 255, 255, 255, 255, 255, 255, 255, 255, 255, 255,
                255, 255, 255, 255, 255, 255, 255, 255, 255, 255, 255,
                255, 255, 255, 255, 255, 255, 255, 255, 255, 255, 255,
                255, 255, 255, 255, 255, 255, 255, 255, 255, 255 ]
        }
    },
    "box": {
        "boxID": 2013,
        "frame": 448,
        "posX": 1152,
        "posY": 54,
        "mat": {
            "type_id": "opencv-matrix",
            "rows": 5,
            "cols": 5,
            "dt": "3u",
            "data": [ 253, 253, 253, 253, 253, 253, 253, 253, 253, 253,
                253, 253, 253, 253, 253, 253, 253, 253, 253, 253, 253,
                253, 253, 253, 253, 253, 253, 253, 253, 253, 253, 253,
                253, 253, 253, 253, 253, 253, 253, 253, 253, 253, 253,
                253, 253, 253, 253, 253, 253, 253, 253, 253, 253, 253,
                253, 253, 253, 253, 253, 253, 253, 253, 253, 253, 253,
                253, 253, 253, 253, 253, 253, 253, 253, 253, 253 ]
        }
    },
    "box": {
        "boxID": 2014,
        "frame": 448,
        "posX": 1248,
        "posY": 54,
        "mat": {
            "type_id": "opencv-matrix",
            "rows": 5,
            "cols": 5,
            "dt": "3u",
            "data": [ 253, 253, 253, 253, 253, 253, 253, 253, 253, 253,
                253, 253, 253, 253, 253, 253, 253, 253, 253, 253, 253,
                253, 253, 253, 253, 253, 253, 253, 253, 253, 253, 253,
                253, 253, 253, 253, 253, 253, 253, 253, 253, 253, 253,
                253, 253, 253, 253, 253, 253, 253, 253, 253, 253, 253,
                253, 253, 253, 253, 253, 253, 253, 253, 253, 253, 253,
                253, 253, 253, 253, 253, 253, 253, 253, 253, 253 ]
        }
    }
}
