{
    "box": {
        "boxID": 1741,
        "frame": 274,
        "posX": 1344,
        "posY": 594,
        "mat": {
            "type_id": "opencv-matrix",
            "rows": 5,
            "cols": 5,
            "dt": "3u",
            "data": [ 185, 185, 185, 122, 122, 122, 255, 255, 255, 255,
                255, 255, 255, 255, 255, 218, 218, 218, 185, 185, 185,
                143, 143, 143, 239, 239, 239, 255, 255, 255, 229, 229,
                229, 255, 255, 255, 182, 182, 182, 80, 80, 80, 255, 255,
                255, 75, 75, 75, 114, 114, 114, 125, 125, 125, 98, 98,
                98, 255, 255, 255, 164, 164, 164, 158, 158, 158, 211,
                211, 211, 255, 255, 255, 255, 255, 255 ]
        }
    }
}
