{
    "box": {
        "boxID": 1249,
        "frame": 241,
        "posX": 0,
        "posY": 0,
        "mat": {
            "type_id": "opencv-matrix",
            "rows": 5,
            "cols": 5,
            "dt": "3u",
            "data": [ 203, 203, 203, 203, 203, 203, 203, 203, 203, 203,
                203, 203, 203, 203, 203, 203, 203, 203, 203, 203, 203,
                203, 203, 203, 203, 203, 203, 203, 203, 203, 203, 203,
                203, 203, 203, 203, 203, 203, 203, 203, 203, 203, 203,
                203, 203, 203, 203, 203, 203, 203, 203, 203, 203, 203,
                203, 203, 203, 203, 203, 203, 203, 203, 203, 203, 203,
                203, 203, 203, 203, 203, 203, 203, 203, 203, 203 ]
        }
    },
    "box": {
        "boxID": 1250,
        "frame": 241,
        "posX": 0,
        "posY": 54,
        "mat": {
            "type_id": "opencv-matrix",
            "rows": 5,
            "cols": 5,
            "dt": "3u",
            "data": [ 246, 246, 246, 246, 246, 246, 246, 246, 246, 246,
                246, 246, 246, 246, 246, 246, 246, 246, 246, 246, 246,
                246, 246, 246, 246, 246, 246, 246, 246, 246, 246, 246,
                246, 246, 246, 246, 246, 246, 246, 246, 246, 246, 246,
                246, 246, 246, 246, 246, 246, 246, 246, 246, 246, 246,
                246, 246, 246, 246, 246, 246, 246, 246, 246, 246, 246,
                246, 246, 246, 246, 246, 246, 246, 246, 246, 246 ]
        }
    },
    "box": {
        "boxID": 1251,
        "frame": 241,
        "posX": 0,
        "posY": 1026,
        "mat": {
            "type_id": "opencv-matrix",
            "rows": 5,
            "cols": 5,
            "dt": "3u",
            "data": [ 230, 230, 230, 230, 230, 230, 230, 230, 230, 230,
                230, 230, 230, 230, 230, 230, 230, 230, 230, 230, 230,
                230, 230, 230, 230, 230, 230, 230, 230, 230, 230, 230,
                230, 230, 230, 230, 230, 230, 230, 230, 230, 230, 230,
                230, 230, 230, 230, 230, 230, 230, 230, 230, 230, 230,
                230, 230, 230, 230, 230, 230, 230, 230, 230, 230, 230,
                230, 230, 230, 230, 230, 230, 230, 230, 230, 230 ]
        }
    },
    "box": {
        "boxID": 1252,
        "frame": 241,
        "posX": 96,
        "posY": 0,
        "mat": {
            "type_id": "opencv-matrix",
            "rows": 5,
            "cols": 5,
            "dt": "3u",
            "data": [ 246, 246, 246, 246, 246, 246, 246, 246, 246, 246,
                246, 246, 246, 246, 246, 246, 246, 246, 246, 246, 246,
                246, 246, 246, 246, 246, 246, 246, 246, 246, 246, 246,
                246, 246, 246, 246, 246, 246, 246, 246, 246, 246, 246,
                246, 246, 246, 246, 246, 246, 246, 246, 246, 246, 246,
                246, 246, 246, 246, 246, 246, 248, 248, 248, 248, 248,
                248, 248, 248, 248, 248, 248, 248, 248, 248, 248 ]
        }
    },
    "box": {
        "boxID": 1253,
        "frame": 241,
        "posX": 96,
        "posY": 54,
        "mat": {
            "type_id": "opencv-matrix",
            "rows": 5,
            "cols": 5,
            "dt": "3u",
            "data": [ 250, 250, 250, 251, 251, 251, 252, 252, 252, 253,
                253, 253, 253, 253, 253, 250, 250, 250, 251, 251, 251,
                252, 252, 252, 253, 253, 253, 253, 253, 253, 249, 249,
                249, 250, 250, 250, 251, 251, 251, 252, 252, 252, 252,
                252, 252, 248, 248, 248, 249, 249, 249, 250, 250, 250,
                252, 252, 252, 252, 252, 252, 246, 246, 246, 248, 248,
                248, 249, 249, 249, 250, 250, 250, 251, 251, 251 ]
        }
    },
    "box": {
        "boxID": 1254,
        "frame": 241,
        "posX": 96,
        "posY": 1026,
        "mat": {
            "type_id": "opencv-matrix",
            "rows": 5,
            "cols": 5,
            "dt": "3u",
            "data": [ 229, 229, 229, 229, 229, 229, 229, 229, 229, 229,
                229, 229, 229, 229, 229, 229, 229, 229, 229, 229, 229,
                229, 229, 229, 229, 229, 229, 229, 229, 229, 229, 229,
                229, 229, 229, 229, 229, 229, 229, 229, 229, 229, 229,
                229, 229, 229, 229, 229, 229, 229, 229, 229, 229, 229,
                229, 229, 229, 229, 229, 229, 229, 229, 229, 229, 229,
                229, 229, 229, 229, 229, 229, 229, 229, 229, 229 ]
        }
    },
    "box": {
        "boxID": 1255,
        "frame": 241,
        "posX": 192,
        "posY": 0,
        "mat": {
            "type_id": "opencv-matrix",
            "rows": 5,
            "cols": 5,
            "dt": "3u",
            "data": [ 245, 245, 245, 245, 245, 245, 245, 245, 245, 245,
                245, 245, 245, 245, 245, 245, 245, 245, 245, 245, 245,
                245, 245, 245, 245, 245, 245, 245, 245, 245, 245, 245,
                245, 245, 245, 245, 245, 245, 245, 245, 245, 245, 245,
                245, 245, 245, 245, 245, 245, 245, 245, 245, 245, 245,
                245, 245, 245, 245, 245, 245, 246, 246, 246, 246, 246,
                246, 246, 246, 246, 246, 246, 246, 246, 246, 246 ]
        }
    },
    "box": {
        "boxID": 1256,
        "frame": 241,
        "posX": 192,
        "posY": 54,
        "mat": {
            "type_id": "opencv-matrix",
            "rows": 5,
            "cols": 5,
            "dt": "3u",
            "data": [ 255, 255, 255, 255, 255, 255, 255, 255, 255, 255,
                255, 255, 255, 255, 255, 242, 242, 242, 255, 255, 255,
                250, 250, 250, 255, 255, 255, 255, 255, 255, 255, 255,
                255, 255, 255, 255, 255, 255, 255, 255, 255, 255, 253,
                253, 253, 255, 255, 255, 255, 255, 255, 255, 255, 255,
                255, 255, 255, 255, 255, 255, 255, 255, 255, 255, 255,
                255, 255, 255, 255, 255, 255, 255, 255, 255, 255 ]
        }
    },
    "box": {
        "boxID": 1257,
        "frame": 241,
        "posX": 192,
        "posY": 108,
        "mat": {
            "type_id": "opencv-matrix",
            "rows": 5,
            "cols": 5,
            "dt": "3u",
            "data": [ 231, 231, 231, 231, 231, 231, 231, 231, 231, 232,
                232, 232, 232, 232, 232, 230, 230, 230, 230, 230, 230,
                230, 230, 230, 230, 230, 230, 230, 230, 230, 229, 229,
                229, 229, 229, 229, 229, 229, 229, 229, 229, 229, 229,
                229, 229, 229, 229, 229, 229, 229, 229, 229, 229, 229,
                229, 229, 229, 229, 229, 229, 229, 229, 229, 229, 229,
                229, 229, 229, 229, 229, 229, 229, 229, 229, 229 ]
        }
    },
    "box": {
        "boxID": 1258,
        "frame": 241,
        "posX": 192,
        "posY": 1026,
        "mat": {
            "type_id": "opencv-matrix",
            "rows": 5,
            "cols": 5,
            "dt": "3u",
            "data": [ 229, 229, 229, 229, 229, 229, 229, 229, 229, 229,
                229, 229, 229, 229, 229, 229, 229, 229, 229, 229, 229,
                229, 229, 229, 229, 229, 229, 229, 229, 229, 229, 229,
                229, 229, 229, 229, 229, 229, 229, 229, 229, 229, 229,
                229, 229, 229, 229, 229, 229, 229, 229, 229, 229, 229,
                229, 229, 229, 229, 229, 229, 229, 229, 229, 229, 229,
                229, 229, 229, 229, 229, 229, 229, 229, 229, 229 ]
        }
    },
    "box": {
        "boxID": 1259,
        "frame": 241,
        "posX": 288,
        "posY": 0,
        "mat": {
            "type_id": "opencv-matrix",
            "rows": 5,
            "cols": 5,
            "dt": "3u",
            "data": [ 204, 204, 204, 204, 204, 204, 204, 204, 204, 204,
                204, 204, 204, 204, 204, 204, 204, 204, 204, 204, 204,
                204, 204, 204, 204, 204, 204, 204, 204, 204, 204, 204,
                204, 204, 204, 204, 204, 204, 204, 204, 204, 204, 204,
                204, 204, 204, 204, 204, 204, 204, 204, 204, 204, 204,
