{
    "box": {
        "boxID": 1933,
        "frame": 381,
        "posX": 480,
        "posY": 270,
        "mat": {
            "type_id": "opencv-matrix",
            "rows": 5,
            "cols": 5,
            "dt": "3u",
            "data": [ 255, 255, 255, 255, 255, 255, 255, 255, 255, 255,
                255, 255, 255, 255, 255, 255, 255, 255, 255, 255, 255,
                255, 255, 255, 255, 255, 255, 255, 255, 255, 255, 255,
                255, 255, 255, 255, 255, 255, 255, 255, 255, 255, 255,
                255, 255, 255, 255, 255, 255, 255, 255, 255, 255, 255,
                255, 255, 255, 255, 255, 255, 255, 255, 255, 255, 255,
                255, 255, 255, 255, 255, 255, 255, 255, 255, 255 ]
        }
    },
    "box": {
        "boxID": 1934,
        "frame": 381,
        "posX": 480,
        "posY": 324,
        "mat": {
            "type_id": "opencv-matrix",
            "rows": 5,
            "cols": 5,
            "dt": "3u",
            "data": [ 103, 103, 103, 213, 213, 213, 255, 255, 255, 255,
                255, 255, 250, 250, 250, 67, 67, 67, 192, 192, 192, 255,
                255, 255, 255, 255, 255, 249, 249, 249, 98, 98, 98, 224,
                224, 224, 252, 252, 252, 230, 230, 230, 253, 253, 253,
                189, 189, 189, 64, 64, 64, 138, 138, 138, 245, 245, 245,
                255, 255, 255, 255, 255, 255, 255, 255, 255, 255, 255,
                255, 251, 251, 251, 255, 255, 255 ]
        }
    }
}
