{
    "box": {
        "boxID": 1765,
        "frame": 294,
        "posX": 864,
        "posY": 432,
        "mat": {
            "type_id": "opencv-matrix",
            "rows": 5,
            "cols": 5,
            "dt": "3u",
            "data": [ 206, 190, 175, 206, 190, 175, 206, 190, 175, 207,
                191, 176, 211, 195, 180, 218, 202, 187, 219, 203, 188,
                220, 204, 189, 222, 206, 191, 225, 209, 194, 211, 200,
                184, 213, 202, 186, 216, 202, 187, 217, 203, 188, 219,
                205, 190, 211, 200, 184, 213, 202, 186, 215, 201, 186,
                216, 202, 187, 218, 204, 189, 220, 208, 194, 222, 210,
                196, 227, 212, 199, 227, 212, 199, 231, 216, 203 ]
        }
    },
    "box": {
        "boxID": 1766,
        "frame": 294,
        "posX": 960,
        "posY": 432,
        "mat": {
            "type_id": "opencv-matrix",
            "rows": 5,
            "cols": 5,
            "dt": "3u",
            "data": [ 237, 217, 187, 237, 217, 187, 241, 219, 189, 241,
                219, 189, 241, 219, 189, 239, 219, 189, 239, 219, 189,
                241, 219, 189, 242, 220, 190, 242, 220, 190, 238, 219,
                193, 238, 219, 193, 239, 216, 193, 239, 216, 193, 240,
                217, 194, 238, 219, 193, 237, 218, 192, 237, 214, 191,
                237, 214, 191, 239, 216, 193, 237, 221, 199, 236, 220,
                198, 238, 217, 196, 238, 217, 196, 235, 214, 193 ]
        }
    }
}
