{
    "box": {
        "boxID": 1577,
        "frame": 252,
        "posX": 480,
        "posY": 756,
        "mat": {
            "type_id": "opencv-matrix",
            "rows": 5,
            "cols": 5,
            "dt": "3u",
            "data": [ 255, 255, 255, 255, 255, 255, 255, 255, 255, 255,
                255, 255, 255, 255, 255, 255, 255, 255, 255, 255, 255,
                255, 255, 255, 255, 255, 255, 255, 255, 255, 255, 255,
                255, 255, 255, 255, 255, 255, 255, 255, 255, 255, 255,
                255, 255, 255, 255, 255, 255, 255, 255, 255, 255, 255,
                255, 255, 255, 255, 255, 255, 255, 255, 255, 255, 255,
                255, 255, 255, 255, 255, 255, 255, 255, 255, 255 ]
        }
    },
    "box": {
        "boxID": 1578,
        "frame": 252,
        "posX": 768,
        "posY": 324,
        "mat": {
            "type_id": "opencv-matrix",
            "rows": 5,
            "cols": 5,
            "dt": "3u",
            "data": [ 0, 0, 0, 0, 0, 0, 19, 19, 19, 40, 40, 40, 3, 3, 3,
                185, 185, 185, 129, 129, 129, 51, 51, 51, 26, 26, 26, 0,
                0, 0, 255, 255, 255, 227, 227, 227, 122, 122, 122, 66,
                66, 66, 0, 0, 0, 235, 235, 235, 239, 239, 239, 217, 217,
                217, 182, 182, 182, 44, 44, 44, 252, 252, 252, 243, 243,
                243, 243, 243, 243, 213, 213, 213, 44, 44, 44 ]
        }
    },
    "box": {
        "boxID": 1579,
        "frame": 252,
        "posX": 768,
        "posY": 432,
        "mat": {
            "type_id": "opencv-matrix",
            "rows": 5,
            "cols": 5,
            "dt": "3u",
            "data": [ 255, 255, 255, 255, 255, 255, 255, 255, 255, 255,
                255, 255, 255, 255, 255, 255, 255, 255, 255, 255, 255,
                255, 255, 255, 255, 255, 255, 255, 255, 255, 255, 255,
                255, 255, 255, 255, 255, 255, 255, 255, 255, 255, 255,
                255, 255, 255, 255, 255, 255, 255, 255, 255, 255, 255,
                255, 255, 255, 255, 255, 255, 255, 255, 255, 255, 255,
                255, 255, 255, 255, 255, 255, 255, 255, 255, 255 ]
        }
    },
    "box": {
        "boxID": 1580,
        "frame": 252,
        "posX": 864,
        "posY": 324,
        "mat": {
            "type_id": "opencv-matrix",
            "rows": 5,
            "cols": 5,
            "dt": "3u",
            "data": [ 200, 200, 200, 237, 237, 237, 255, 255, 255, 255,
                255, 255, 255, 255, 255, 138, 138, 138, 208, 208, 208,
                255, 255, 255, 255, 255, 255, 255, 255, 255, 15, 15, 15,
                158, 158, 158, 216, 216, 216, 237, 237, 237, 250, 250,
                250, 0, 0, 0, 96, 96, 96, 187, 187, 187, 216, 216, 216,
                248, 248, 248, 0, 0, 0, 51, 51, 51, 195, 195, 195, 255,
                255, 255, 244, 244, 244 ]
        }
    },
    "box": {
        "boxID": 1581,
        "frame": 252,
        "posX": 864,
        "posY": 432,
        "mat": {
            "type_id": "opencv-matrix",
            "rows": 5,
            "cols": 5,
            "dt": "3u",
            "data": [ 219, 203, 188, 219, 203, 188, 220, 204, 189, 220,
                204, 189, 219, 203, 188, 220, 204, 189, 220, 204, 189,
                220, 204, 189, 220, 204, 189, 219, 203, 188, 218, 204,
                189, 218, 204, 189, 218, 204, 189, 217, 203, 188, 216,
                202, 187, 218, 204, 189, 218, 204, 189, 218, 204, 189,
                217, 203, 188, 216, 202, 187, 218, 203, 190, 218, 203,
                190, 218, 203, 190, 217, 202, 189, 216, 201, 188 ]
        }
    },
    "box": {
        "boxID": 1582,
        "frame": 252,
        "posX": 960,
        "posY": 324,
        "mat": {
            "type_id": "opencv-matrix",
            "rows": 5,
            "cols": 5,
            "dt": "3u",
            "data": [ 118, 118, 118, 213, 213, 213, 255, 255, 255, 255,
                255, 255, 255, 255, 255, 22, 22, 22, 139, 139, 139, 255,
                255, 255, 255, 255, 255, 255, 255, 255, 0, 0, 0, 43, 43,
                43, 181, 181, 181, 255, 255, 255, 255, 255, 255, 0, 0, 0,
                0, 0, 0, 85, 85, 85, 202, 202, 202, 255, 255, 255, 0, 0,
                0, 0, 0, 0, 54, 54, 54, 186, 186, 186, 255, 255, 255 ]
        }
    },
    "box": {
        "boxID": 1583,
        "frame": 252,
        "posX": 960,
        "posY": 378,
        "mat": {
            "type_id": "opencv-matrix",
            "rows": 5,
            "cols": 5,
            "dt": "3u",
            "data": [ 207, 159, 112, 207, 159, 112, 207, 159, 112, 207,
                159, 112, 207, 159, 112, 208, 160, 113, 208, 160, 113,
                208, 160, 113, 208, 160, 113, 208, 160, 113, 208, 160,
                113, 208, 160, 113, 208, 160, 113, 209, 161, 114, 209,
                161, 114, 209, 161, 114, 209, 161, 114, 209, 161, 114,
                210, 162, 115, 210, 162, 115, 210, 162, 115, 210, 162,
                115, 210, 162, 115, 210, 162, 115, 210, 162, 115 ]
        }
    },
    "box": {
        "boxID": 1584,
        "frame": 252,
        "posX": 960,
        "posY": 432,
        "mat": {
            "type_id": "opencv-matrix",
            "rows": 5,
            "cols": 5,
            "dt": "3u",
            "data": [ 239, 218, 190, 239, 218, 190, 241, 218, 190, 242,
                219, 191, 242, 219, 191, 239, 218, 190, 239, 218, 190,
                241, 218, 190, 242, 219, 191, 242, 219, 191, 237, 217,
                193, 237, 217, 193, 239, 216, 193, 240, 217, 194, 240,
                217, 194, 237, 217, 193, 235, 215, 191, 237, 214, 191,
                237, 214, 191, 237, 214, 191, 231, 212, 191, 230, 211,
                190, 231, 210, 189, 231, 210, 189, 231, 210, 189 ]
        }
    },
    "box": {
        "boxID": 1585,
        "frame": 252,
        "posX": 1056,
        "posY": 378,
        "mat": {
            "type_id": "opencv-matrix",
            "rows": 5,
            "cols": 5,
            "dt": "3u",
            "data": [ 41, 164, 174, 43, 166, 176, 121, 158, 170, 123,
                160, 172, 194, 154, 156, 40, 163, 173, 41, 164, 174, 120,
                157, 169, 122, 159, 171, 195, 155, 157, 40, 163, 173, 41,
                164, 174, 120, 157, 169, 122, 159, 171, 195, 155, 157,
                40, 163, 173, 41, 164, 174, 119, 156, 168, 122, 159, 171,
                195, 155, 157, 47, 161, 172, 48, 162, 173, 115, 154, 166,
                120, 159, 171, 191, 158, 159 ]
        }
    },
    "box": {
        "boxID": 1586,
        "frame": 252,
        "posX": 1056,
        "posY": 432,
        "mat": {
            "type_id": "opencv-matrix",
            "rows": 5,
            "cols": 5,
            "dt": "3u",
            "data": [ 172, 156, 136, 177, 161, 141, 194, 173, 152, 203,
                182, 161, 205, 184, 163, 179, 163, 143, 181, 165, 145,
                197, 176, 155, 204, 183, 162, 209, 188, 167, 182, 167,
                149, 183, 168, 150, 194, 178, 158, 200, 184, 164, 206,
                190, 170, 188, 173, 155, 188, 173, 155, 196, 180, 160,
                201, 185, 165, 206, 190, 170, 191, 177, 162, 190, 176,
                161, 195, 181, 166, 198, 184, 169, 204, 190, 175 ]
        }
    }
}
