{
    "box": {
        "boxID": 1982,
        "frame": 422,
        "posX": 96,
        "posY": 54,
        "mat": {
            "type_id": "opencv-matrix",
            "rows": 5,
            "cols": 5,
            "dt": "3u",
            "data": [ 243, 243, 243, 243, 243, 243, 253, 253, 253, 255,
                255, 255, 255, 255, 255, 242, 242, 242, 242, 242, 242,
                252, 252, 252, 255, 255, 255, 255, 255, 255, 235, 235,
                235, 232, 232, 232, 249, 249, 249, 255, 255, 255, 255,
                255, 255, 236, 236, 236, 232, 232, 232, 244, 244, 244,
                250, 250, 250, 252, 252, 252, 243, 243, 243, 241, 241,
                241, 236, 236, 236, 232, 232, 232, 245, 245, 245 ]
        }
    },
    "box": {
        "boxID": 1983,
        "frame": 422,
        "posX": 1248,
        "posY": 54,
        "mat": {
            "type_id": "opencv-matrix",
            "rows": 5,
            "cols": 5,
            "dt": "3u",
            "data": [ 253, 253, 253, 253, 253, 253, 253, 253, 253, 253,
                253, 253, 253, 253, 253, 253, 253, 253, 253, 253, 253,
                253, 253, 253, 253, 253, 253, 253, 253, 253, 253, 253,
                253, 253, 253, 253, 253, 253, 253, 253, 253, 253, 253,
                253, 253, 253, 253, 253, 253, 253, 253, 253, 253, 253,
                253, 253, 253, 253, 253, 253, 253, 253, 253, 253, 253,
                253, 253, 253, 253, 253, 253, 253, 253, 253, 253 ]
        }
    }
}
