{
    "box": {
        "boxID": 2248,
        "frame": 534,
        "posX": 960,
        "posY": 216,
        "mat": {
            "type_id": "opencv-matrix",
            "rows": 5,
            "cols": 5,
            "dt": "3u",
            "data": [ 255, 252, 253, 255, 252, 253, 255, 252, 253, 255,
                252, 253, 253, 253, 253, 255, 252, 253, 255, 252, 253,
                255, 252, 253, 254, 251, 252, 252, 252, 252, 255, 251,
                251, 255, 251, 251, 255, 252, 253, 254, 251, 252, 252,
                252, 252, 255, 253, 253, 255, 251, 251, 255, 252, 253,
                254, 251, 252, 252, 252, 252, 255, 247, 247, 255, 249,
                249, 255, 252, 253, 254, 251, 252, 252, 252, 252 ]
        }
    },
    "box": {
        "boxID": 2249,
        "frame": 534,
        "posX": 1056,
        "posY": 216,
        "mat": {
            "type_id": "opencv-matrix",
            "rows": 5,
            "cols": 5,
            "dt": "3u",
            "data": [ 254, 255, 240, 252, 254, 238, 242, 209, 190, 149,
                116, 97, 158, 77, 61, 254, 255, 240, 251, 253, 237, 236,
                203, 184, 145, 112, 93, 159, 78, 62, 255, 255, 243, 255,
                255, 243, 241, 198, 181, 137, 94, 77, 140, 68, 51, 255,
                255, 243, 242, 237, 222, 222, 179, 162, 145, 102, 85,
                169, 97, 80, 255, 255, 247, 206, 179, 168, 152, 107, 90,
                152, 107, 90, 224, 188, 165 ]
        }
    }
}
