{
    "box": {
        "boxID": 1963,
        "frame": 404,
        "posX": 1056,
        "posY": 162,
        "mat": {
            "type_id": "opencv-matrix",
            "rows": 5,
            "cols": 5,
            "dt": "3u",
            "data": [ 255, 255, 255, 255, 255, 255, 255, 255, 255, 255,
                255, 255, 255, 255, 255, 255, 255, 255, 255, 255, 255,
                255, 255, 255, 255, 255, 255, 255, 255, 255, 255, 255,
                255, 255, 255, 255, 255, 255, 255, 255, 255, 255, 255,
                255, 255, 255, 255, 255, 255, 255, 255, 255, 255, 255,
                255, 255, 255, 255, 255, 255, 255, 255, 255, 255, 255,
                255, 255, 255, 255, 255, 255, 255, 255, 255, 255 ]
        }
    },
    "box": {
        "boxID": 1964,
        "frame": 404,
        "posX": 1152,
        "posY": 108,
        "mat": {
            "type_id": "opencv-matrix",
            "rows": 5,
            "cols": 5,
            "dt": "3u",
            "data": [ 235, 235, 235, 235, 235, 235, 235, 235, 235, 235,
                235, 235, 235, 235, 235, 230, 230, 230, 230, 230, 230,
                230, 230, 230, 230, 230, 230, 230, 230, 230, 223, 223,
                223, 223, 223, 223, 223, 223, 223, 223, 223, 223, 223,
                223, 223, 218, 218, 218, 218, 218, 218, 218, 218, 218,
                218, 218, 218, 218, 218, 218, 214, 214, 214, 214, 214,
                214, 214, 214, 214, 214, 214, 214, 214, 214, 214 ]
        }
    }
}
