{
    "box": {
        "boxID": 1248,
        "frame": 211,
        "posX": 1344,
        "posY": 594,
        "mat": {
            "type_id": "opencv-matrix",
            "rows": 5,
            "cols": 5,
            "dt": "3u",
            "data": [ 255, 255, 255, 255, 255, 255, 255, 255, 255, 255,
                255, 255, 253, 253, 253, 255, 255, 255, 255, 255, 255,
                255, 255, 255, 255, 255, 255, 253, 253, 253, 255, 255,
                255, 255, 255, 255, 253, 253, 253, 255, 255, 255, 251,
                251, 251, 255, 255, 255, 255, 255, 255, 253, 253, 253,
                255, 255, 255, 251, 251, 251, 255, 255, 255, 255, 255,
                255, 253, 253, 253, 255, 255, 255, 255, 255, 255 ]
        }
    }
}
