{
    "box": {
        "boxID": 981,
        "frame": 76,
        "posX": 672,
        "posY": 270,
        "mat": {
            "type_id": "opencv-matrix",
            "rows": 5,
            "cols": 5,
            "dt": "3u",
            "data": [ 255, 255, 255, 255, 255, 255, 255, 255, 255, 255,
                255, 255, 255, 255, 255, 255, 255, 255, 255, 255, 255,
                255, 255, 255, 255, 255, 255, 255, 255, 255, 255, 255,
                255, 255, 255, 255, 255, 255, 255, 255, 255, 255, 255,
                255, 255, 255, 255, 255, 255, 255, 255, 255, 255, 255,
                255, 255, 255, 255, 255, 255, 255, 252, 253, 255, 252,
                253, 255, 252, 253, 255, 252, 253, 255, 252, 253 ]
        }
    },
    "box": {
        "boxID": 982,
        "frame": 76,
        "posX": 960,
        "posY": 324,
        "mat": {
            "type_id": "opencv-matrix",
            "rows": 5,
            "cols": 5,
            "dt": "3u",
            "data": [ 87, 87, 87, 17, 17, 17, 0, 0, 0, 0, 0, 0, 170, 170,
                170, 125, 125, 125, 52, 52, 52, 0, 0, 0, 0, 0, 0, 170,
                170, 170, 179, 179, 179, 87, 87, 87, 17, 17, 17, 0, 0, 0,
                152, 152, 152, 165, 165, 165, 125, 125, 125, 52, 52, 52,
                0, 0, 0, 147, 147, 147, 135, 135, 135, 72, 72, 72, 6, 6,
                6, 0, 0, 0, 112, 112, 112 ]
        }
    }
}
