{
    "box": {
        "boxID": 1972,
        "frame": 412,
        "posX": 96,
        "posY": 54,
        "mat": {
            "type_id": "opencv-matrix",
            "rows": 5,
            "cols": 5,
            "dt": "3u",
            "data": [ 237, 237, 237, 242, 242, 242, 252, 252, 252, 255,
                255, 255, 253, 253, 253, 237, 237, 237, 242, 242, 242,
                252, 252, 252, 255, 255, 255, 253, 253, 253, 224, 224,
                224, 231, 231, 231, 249, 249, 249, 255, 255, 255, 255,
                255, 255, 229, 229, 229, 231, 231, 231, 243, 243, 243,
                250, 250, 250, 252, 252, 252, 244, 244, 244, 241, 241,
                241, 231, 231, 231, 231, 231, 231, 244, 244, 244 ]
        }
    },
    "box": {
        "boxID": 1973,
        "frame": 412,
        "posX": 1248,
        "posY": 0,
        "mat": {
            "type_id": "opencv-matrix",
            "rows": 5,
            "cols": 5,
            "dt": "3u",
            "data": [ 204, 204, 204, 204, 204, 204, 204, 204, 204, 204,
                204, 204, 204, 204, 204, 204, 204, 204, 204, 204, 204,
                204, 204, 204, 204, 204, 204, 204, 204, 204, 204, 204,
                204, 204, 204, 204, 204, 204, 204, 204, 204, 204, 204,
                204, 204, 204, 204, 204, 204, 204, 204, 204, 204, 204,
                204, 204, 204, 204, 204, 204, 204, 204, 204, 204, 204,
                204, 204, 204, 204, 204, 204, 204, 204, 204, 204 ]
        }
    },
    "box": {
        "boxID": 1974,
        "frame": 412,
        "posX": 1248,
        "posY": 54,
        "mat": {
            "type_id": "opencv-matrix",
            "rows": 5,
            "cols": 5,
            "dt": "3u",
            "data": [ 255, 255, 255, 255, 255, 255, 255, 255, 255, 255,
                255, 255, 255, 255, 255, 255, 255, 255, 255, 255, 255,
                255, 255, 255, 255, 255, 255, 255, 255, 255, 255, 255,
                255, 255, 255, 255, 255, 255, 255, 255, 255, 255, 255,
                255, 255, 255, 255, 255, 255, 255, 255, 255, 255, 255,
                255, 255, 255, 255, 255, 255, 255, 255, 255, 255, 255,
                255, 255, 255, 255, 255, 255, 255, 255, 255, 255 ]
        }
    }
}
