{
    "box": {
        "boxID": 1771,
        "frame": 299,
        "posX": 864,
        "posY": 324,
        "mat": {
            "type_id": "opencv-matrix",
            "rows": 5,
            "cols": 5,
            "dt": "3u",
            "data": [ 200, 200, 200, 237, 237, 237, 255, 255, 255, 255,
                255, 255, 255, 255, 255, 138, 138, 138, 208, 208, 208,
                255, 255, 255, 255, 255, 255, 255, 255, 255, 15, 15, 15,
                158, 158, 158, 216, 216, 216, 237, 237, 237, 250, 250,
                250, 0, 0, 0, 96, 96, 96, 187, 187, 187, 216, 216, 216,
                248, 248, 248, 0, 0, 0, 51, 51, 51, 195, 195, 195, 255,
                255, 255, 244, 244, 244 ]
        }
    },
    "box": {
        "boxID": 1772,
        "frame": 299,
        "posX": 960,
        "posY": 324,
        "mat": {
            "type_id": "opencv-matrix",
            "rows": 5,
            "cols": 5,
            "dt": "3u",
            "data": [ 118, 118, 118, 213, 213, 213, 255, 255, 255, 255,
                255, 255, 255, 255, 255, 22, 22, 22, 139, 139, 139, 255,
                255, 255, 255, 255, 255, 255, 255, 255, 0, 0, 0, 43, 43,
                43, 181, 181, 181, 255, 255, 255, 255, 255, 255, 0, 0, 0,
                0, 0, 0, 85, 85, 85, 202, 202, 202, 255, 255, 255, 0, 0,
                0, 0, 0, 0, 59, 59, 59, 190, 190, 190, 255, 255, 255 ]
        }
    },
    "box": {
        "boxID": 1773,
        "frame": 299,
        "posX": 960,
        "posY": 378,
        "mat": {
            "type_id": "opencv-matrix",
            "rows": 5,
            "cols": 5,
            "dt": "3u",
            "data": [ 206, 158, 111, 206, 158, 111, 206, 158, 111, 206,
                158, 111, 206, 158, 111, 207, 159, 112, 207, 159, 112,
                207, 159, 112, 207, 159, 112, 207, 159, 112, 207, 159,
                112, 207, 159, 112, 207, 159, 112, 207, 159, 112, 207,
                159, 112, 209, 161, 114, 209, 161, 114, 209, 161, 114,
                209, 161, 114, 209, 161, 114, 210, 162, 115, 210, 162,
                115, 210, 162, 115, 210, 162, 115, 210, 162, 115 ]
        }
    }
}
