{
    "box": {
        "boxID": 2187,
        "frame": 493,
        "posX": 960,
        "posY": 162,
        "mat": {
            "type_id": "opencv-matrix",
            "rows": 5,
            "cols": 5,
            "dt": "3u",
            "data": [ 255, 255, 255, 255, 255, 255, 255, 255, 255, 255,
                255, 255, 255, 255, 255, 255, 255, 255, 255, 255, 255,
                255, 255, 255, 255, 255, 255, 255, 255, 255, 255, 255,
                255, 255, 255, 255, 255, 255, 255, 255, 255, 255, 255,
                255, 255, 255, 255, 255, 255, 255, 255, 255, 255, 255,
                255, 255, 255, 255, 255, 255, 255, 255, 255, 255, 255,
                255, 255, 255, 255, 255, 255, 255, 255, 255, 255 ]
        }
    },
    "box": {
        "boxID": 2188,
        "frame": 493,
        "posX": 960,
        "posY": 216,
        "mat": {
            "type_id": "opencv-matrix",
            "rows": 5,
            "cols": 5,
            "dt": "3u",
            "data": [ 255, 252, 253, 255, 252, 253, 253, 253, 253, 253,
                253, 253, 253, 253, 253, 255, 252, 253, 255, 252, 253,
                252, 252, 252, 252, 252, 252, 252, 252, 252, 255, 252,
                253, 255, 252, 253, 252, 252, 252, 252, 252, 252, 252,
                252, 252, 255, 252, 253, 255, 252, 253, 252, 252, 252,
                252, 252, 252, 252, 252, 252, 255, 252, 251, 255, 252,
                251, 252, 252, 252, 252, 252, 252, 252, 252, 252 ]
        }
    },
    "box": {
        "boxID": 2189,
        "frame": 493,
        "posX": 1632,
        "posY": 54,
        "mat": {
            "type_id": "opencv-matrix",
            "rows": 5,
            "cols": 5,
            "dt": "3u",
            "data": [ 255, 255, 255, 252, 252, 252, 252, 252, 252, 250,
                250, 250, 250, 250, 250, 251, 251, 251, 251, 251, 251,
                251, 251, 251, 251, 251, 251, 251, 251, 251, 252, 252,
                252, 252, 252, 252, 251, 251, 251, 251, 251, 251, 251,
                251, 251, 252, 252, 252, 252, 252, 252, 251, 251, 251,
                251, 251, 251, 251, 251, 251, 252, 252, 252, 252, 252,
                252, 251, 251, 251, 251, 251, 251, 251, 251, 251 ]
        }
    }
}
