{
    "box": {
        "boxID": 2255,
        "frame": 538,
        "posX": 1056,
        "posY": 162,
        "mat": {
            "type_id": "opencv-matrix",
            "rows": 5,
            "cols": 5,
            "dt": "3u",
            "data": [ 255, 255, 255, 255, 255, 255, 255, 255, 255, 255,
                255, 255, 255, 255, 255, 255, 255, 255, 255, 255, 255,
                255, 255, 255, 255, 255, 255, 255, 255, 255, 255, 255,
                255, 255, 255, 255, 255, 255, 255, 255, 255, 255, 255,
                255, 255, 255, 255, 255, 255, 255, 255, 255, 255, 255,
                255, 255, 255, 255, 255, 255, 255, 255, 255, 255, 255,
                255, 255, 255, 255, 255, 255, 255, 255, 255, 255 ]
        }
    },
    "box": {
        "boxID": 2256,
        "frame": 538,
        "posX": 1056,
        "posY": 216,
        "mat": {
            "type_id": "opencv-matrix",
            "rows": 5,
            "cols": 5,
            "dt": "3u",
            "data": [ 255, 242, 255, 255, 255, 255, 247, 232, 201, 107,
                92, 61, 225, 69, 51, 255, 239, 252, 255, 255, 255, 247,
                232, 201, 107, 92, 61, 225, 69, 51, 255, 240, 254, 255,
                255, 255, 255, 231, 189, 137, 91, 49, 194, 77, 46, 255,
                240, 254, 255, 255, 255, 255, 231, 189, 137, 91, 49, 194,
                77, 46, 255, 240, 255, 218, 166, 184, 193, 76, 45, 195,
                78, 47, 244, 198, 156 ]
        }
    }
}
