{
    "box": {
        "boxID": 2209,
        "frame": 511,
        "posX": 960,
        "posY": 162,
        "mat": {
            "type_id": "opencv-matrix",
            "rows": 5,
            "cols": 5,
            "dt": "3u",
            "data": [ 255, 255, 255, 255, 255, 255, 255, 255, 255, 255,
                255, 255, 255, 255, 255, 255, 255, 255, 255, 255, 255,
                255, 255, 255, 255, 255, 255, 255, 255, 255, 255, 255,
                255, 255, 255, 255, 255, 255, 255, 255, 255, 255, 255,
                255, 255, 255, 255, 255, 255, 255, 255, 255, 255, 255,
                255, 255, 255, 255, 255, 255, 255, 255, 255, 255, 255,
                255, 255, 255, 255, 255, 255, 255, 255, 255, 255 ]
        }
    },
    "box": {
        "boxID": 2210,
        "frame": 511,
        "posX": 960,
        "posY": 216,
        "mat": {
            "type_id": "opencv-matrix",
            "rows": 5,
            "cols": 5,
            "dt": "3u",
            "data": [ 255, 252, 253, 255, 252, 253, 253, 253, 253, 253,
                253, 253, 253, 253, 253, 255, 252, 253, 255, 252, 253,
                252, 252, 252, 252, 252, 252, 252, 252, 252, 255, 252,
                253, 255, 252, 253, 252, 252, 252, 252, 252, 252, 252,
                252, 252, 255, 252, 253, 255, 252, 253, 252, 252, 252,
                252, 252, 252, 252, 252, 252, 255, 251, 250, 255, 252,
                251, 252, 252, 252, 252, 252, 252, 252, 252, 252 ]
        }
    }
}
