{
    "box": {
        "boxID": 2231,
        "frame": 527,
        "posX": 960,
        "posY": 216,
        "mat": {
            "type_id": "opencv-matrix",
            "rows": 5,
            "cols": 5,
            "dt": "3u",
            "data": [ 255, 252, 253, 255, 252, 253, 255, 252, 253, 255,
                252, 253, 253, 253, 253, 255, 252, 253, 255, 252, 253,
                255, 252, 253, 254, 251, 252, 252, 252, 252, 255, 251,
                251, 255, 251, 251, 255, 252, 253, 254, 251, 252, 252,
                252, 252, 255, 253, 253, 255, 251, 251, 255, 252, 253,
                254, 251, 252, 252, 252, 252, 255, 247, 247, 255, 249,
                249, 255, 252, 253, 254, 251, 252, 252, 252, 252 ]
        }
    },
    "box": {
        "boxID": 2232,
        "frame": 527,
        "posX": 1056,
        "posY": 216,
        "mat": {
            "type_id": "opencv-matrix",
            "rows": 5,
            "cols": 5,
            "dt": "3u",
            "data": [ 252, 252, 252, 255, 255, 255, 206, 206, 206, 87,
                87, 87, 74, 74, 74, 255, 255, 255, 203, 203, 203, 102,
                102, 102, 75, 75, 75, 130, 130, 130, 206, 206, 206, 105,
                105, 105, 110, 110, 110, 214, 214, 214, 154, 154, 154,
                86, 86, 86, 65, 65, 65, 208, 208, 208, 249, 249, 249,
                227, 227, 227, 58, 58, 58, 231, 231, 231, 255, 255, 255,
                239, 239, 239, 250, 250, 250 ]
        }
    }
}
