{
    "box": {
        "boxID": 1975,
        "frame": 413,
        "posX": 1248,
        "posY": 0,
        "mat": {
            "type_id": "opencv-matrix",
            "rows": 5,
            "cols": 5,
            "dt": "3u",
            "data": [ 204, 204, 204, 204, 204, 204, 204, 204, 204, 204,
                204, 204, 204, 204, 204, 204, 204, 204, 204, 204, 204,
                204, 204, 204, 204, 204, 204, 204, 204, 204, 204, 204,
                204, 204, 204, 204, 204, 204, 204, 204, 204, 204, 204,
                204, 204, 204, 204, 204, 204, 204, 204, 204, 204, 204,
                204, 204, 204, 204, 204, 204, 204, 204, 204, 204, 204,
                204, 204, 204, 204, 204, 204, 204, 204, 204, 204 ]
        }
    },
    "box": {
        "boxID": 1976,
        "frame": 413,
        "posX": 1248,
        "posY": 54,
        "mat": {
            "type_id": "opencv-matrix",
            "rows": 5,
            "cols": 5,
            "dt": "3u",
            "data": [ 255, 255, 255, 255, 255, 255, 255, 255, 255, 255,
                255, 255, 255, 255, 255, 255, 255, 255, 255, 255, 255,
                255, 255, 255, 255, 255, 255, 255, 255, 255, 255, 255,
                255, 255, 255, 255, 255, 255, 255, 255, 255, 255, 255,
                255, 255, 255, 255, 255, 255, 255, 255, 255, 255, 255,
                255, 255, 255, 255, 255, 255, 255, 255, 255, 255, 255,
                255, 255, 255, 255, 255, 255, 255, 255, 255, 255 ]
        }
    }
}
