{
    "box": {
        "boxID": 209,
        "frame": 7,
        "posX": 0,
        "posY": 0,
        "mat": {
            "type_id": "opencv-matrix",
            "rows": 5,
            "cols": 5,
            "dt": "3u",
            "data": [ 228, 228, 228, 228, 228, 228, 228, 228, 228, 228,
                228, 228, 228, 228, 228, 228, 228, 228, 228, 228, 228,
                228, 228, 228, 228, 228, 228, 228, 228, 228, 228, 228,
                228, 228, 228, 228, 228, 228, 228, 228, 228, 228, 228,
                228, 228, 228, 228, 228, 228, 228, 228, 228, 228, 228,
                228, 228, 228, 228, 228, 228, 228, 228, 228, 228, 228,
                228, 228, 228, 228, 228, 228, 228, 228, 228, 228 ]
        }
    },
    "box": {
        "boxID": 210,
        "frame": 7,
        "posX": 96,
        "posY": 0,
        "mat": {
            "type_id": "opencv-matrix",
            "rows": 5,
            "cols": 5,
            "dt": "3u",
            "data": [ 255, 255, 255, 255, 255, 255, 255, 255, 255, 255,
                255, 255, 255, 255, 255, 255, 255, 255, 255, 255, 255,
                255, 255, 255, 255, 255, 255, 255, 255, 255, 255, 255,
                255, 255, 255, 255, 255, 255, 255, 255, 255, 255, 255,
                255, 255, 255, 255, 255, 255, 255, 255, 255, 255, 255,
                255, 255, 255, 255, 255, 255, 255, 255, 255, 255, 255,
                255, 255, 255, 255, 255, 255, 255, 255, 255, 255 ]
        }
    },
    "box": {
        "boxID": 211,
        "frame": 7,
        "posX": 288,
        "posY": 1026,
        "mat": {
            "type_id": "opencv-matrix",
            "rows": 5,
            "cols": 5,
            "dt": "3u",
            "data": [ 255, 255, 255, 255, 255, 255, 255, 255, 255, 255,
                255, 255, 255, 255, 255, 255, 255, 255, 255, 255, 255,
                255, 255, 255, 255, 255, 255, 255, 255, 255, 255, 255,
                255, 255, 255, 255, 255, 255, 255, 255, 255, 255, 255,
                255, 255, 255, 255, 255, 255, 255, 255, 255, 255, 255,
                255, 255, 255, 255, 255, 255, 253, 253, 253, 253, 253,
                253, 253, 253, 253, 253, 253, 253, 253, 253, 253 ]
        }
    },
    "box": {
        "boxID": 212,
        "frame": 7,
        "posX": 384,
        "posY": 216,
        "mat": {
            "type_id": "opencv-matrix",
            "rows": 5,
            "cols": 5,
            "dt": "3u",
            "data": [ 255, 255, 255, 255, 255, 255, 255, 255, 255, 255,
                255, 255, 255, 255, 255, 255, 255, 255, 255, 255, 255,
                255, 255, 255, 255, 255, 255, 255, 255, 255, 255, 255,
                255, 255, 255, 255, 255, 255, 255, 255, 255, 255, 255,
                255, 255, 255, 255, 255, 255, 255, 255, 255, 255, 255,
                255, 255, 255, 255, 255, 255, 255, 255, 255, 255, 255,
                255, 255, 255, 255, 255, 255, 255, 255, 255, 255 ]
        }
    },
    "box": {
        "boxID": 213,
        "frame": 7,
        "posX": 384,
        "posY": 270,
        "mat": {
            "type_id": "opencv-matrix",
            "rows": 5,
            "cols": 5,
            "dt": "3u",
            "data": [ 255, 255, 255, 255, 255, 255, 255, 255, 255, 255,
                255, 255, 255, 255, 255, 255, 255, 255, 255, 255, 255,
                255, 255, 255, 255, 255, 255, 255, 255, 255, 255, 255,
                255, 255, 255, 255, 255, 255, 255, 255, 255, 255, 255,
                255, 255, 255, 255, 255, 255, 255, 255, 255, 255, 255,
                255, 255, 255, 255, 255, 255, 255, 255, 255, 255, 255,
                255, 255, 255, 255, 255, 255, 255, 255, 255, 255 ]
        }
    },
    "box": {
        "boxID": 214,
        "frame": 7,
        "posX": 576,
        "posY": 378,
        "mat": {
            "type_id": "opencv-matrix",
            "rows": 5,
            "cols": 5,
            "dt": "3u",
            "data": [ 231, 231, 231, 231, 231, 231, 231, 231, 231, 231,
                231, 231, 231, 231, 231, 231, 231, 231, 231, 231, 231,
                231, 231, 231, 231, 231, 231, 231, 231, 231, 230, 230,
                230, 231, 231, 231, 231, 231, 231, 231, 231, 231, 231,
                231, 231, 221, 221, 221, 230, 230, 230, 230, 230, 230,
                231, 231, 231, 231, 231, 231, 210, 210, 210, 230, 230,
                230, 230, 230, 230, 231, 231, 231, 231, 231, 231 ]
        }
    },
    "box": {
        "boxID": 215,
        "frame": 7,
        "posX": 576,
        "posY": 864,
        "mat": {
            "type_id": "opencv-matrix",
            "rows": 5,
            "cols": 5,
            "dt": "3u",
            "data": [ 6, 6, 6, 36, 36, 36, 93, 93, 93, 156, 156, 156,
                156, 156, 156, 29, 29, 29, 6, 6, 6, 36, 36, 36, 93, 93,
                93, 93, 93, 93, 89, 89, 89, 29, 29, 29, 6, 6, 6, 36, 36,
                36, 104, 104, 104, 153, 153, 153, 89, 89, 89, 29, 29, 29,
                6, 6, 6, 207, 207, 207, 255, 255, 255, 143, 143, 143, 0,
                0, 0, 0, 0, 0, 41, 41, 41 ]
        }
    },
    "box": {
        "boxID": 216,
        "frame": 7,
        "posX": 672,
        "posY": 324,
        "mat": {
            "type_id": "opencv-matrix",
            "rows": 5,
            "cols": 5,
            "dt": "3u",
            "data": [ 255, 255, 255, 255, 255, 255, 255, 255, 255, 255,
                255, 255, 231, 231, 231, 255, 255, 255, 255, 255, 255,
                255, 255, 255, 255, 255, 255, 234, 234, 234, 255, 255,
                255, 255, 255, 255, 255, 255, 255, 255, 255, 255, 255,
                255, 255, 255, 255, 255, 255, 255, 255, 255, 255, 255,
                255, 255, 255, 255, 255, 255, 255, 255, 255, 255, 255,
                255, 255, 255, 255, 255, 255, 255, 255, 255, 255 ]
        }
    },
    "box": {
        "boxID": 217,
        "frame": 7,
        "posX": 672,
        "posY": 702,
        "mat": {
            "type_id": "opencv-matrix",
            "rows": 5,
            "cols": 5,
            "dt": "3u",
            "data": [ 255, 255, 255, 255, 255, 255, 255, 255, 255, 255,
                255, 255, 255, 255, 255, 255, 255, 255, 255, 255, 255,
                255, 255, 255, 255, 255, 255, 255, 255, 255, 255, 255,
                255, 255, 255, 255, 255, 255, 255, 255, 255, 255, 255,
                255, 255, 255, 255, 255, 255, 255, 255, 255, 255, 255,
                255, 255, 255, 255, 255, 255, 255, 255, 255, 255, 255,
                255, 255, 255, 255, 255, 255, 255, 255, 255, 255 ]
        }
    },
    "box": {
        "boxID": 218,
        "frame": 7,
        "posX": 768,
        "posY": 594,
        "mat": {
            "type_id": "opencv-matrix",
            "rows": 5,
            "cols": 5,
            "dt": "3u",
            "data": [ 251, 251, 251, 252, 252, 252, 255, 255, 255, 255,
                255, 255, 255, 255, 255, 251, 251, 251, 252, 252, 252,
                255, 255, 255, 255, 255, 255, 255, 255, 255, 251, 251,
                251, 252, 252, 252, 255, 255, 255, 255, 255, 255, 255,
                255, 255, 251, 251, 251, 252, 252, 252, 255, 255, 255,
                255, 255, 255, 255, 255, 255, 251, 251, 251, 252, 252,
                252, 255, 255, 255, 255, 255, 255, 255, 255, 255 ]
        }
    },
    "box": {
        "boxID": 219,
        "frame": 7,
        "posX": 768,
        "posY": 648,
        "mat": {
            "type_id": "opencv-matrix",
            "rows": 5,
            "cols": 5,
            "dt": "3u",
            "data": [ 253, 253, 253, 253, 253, 253, 253, 253, 253, 253,
                253, 253, 253, 253, 253, 253, 253, 253, 253, 253, 253,
                253, 253, 253, 253, 253, 253, 253, 253, 253, 253, 253,
                253, 253, 253, 253, 253, 253, 253, 253, 253, 253, 253,
                253, 253, 253, 253, 253, 253, 253, 253, 253, 253, 253,
                253, 253, 253, 253, 253, 253, 255, 255, 255, 255, 255,
                255, 255, 255, 255, 255, 255, 255, 255, 255, 255 ]
        }
    },
