{
    "box": {
        "boxID": 1736,
        "frame": 259,
        "posX": 672,
        "posY": 540,
        "mat": {
            "type_id": "opencv-matrix",
            "rows": 5,
            "cols": 5,
            "dt": "3u",
            "data": [ 255, 255, 255, 255, 255, 255, 255, 255, 255, 255,
                255, 255, 255, 255, 255, 255, 255, 255, 255, 255, 255,
                255, 255, 255, 255, 255, 255, 255, 255, 255, 255, 255,
                255, 255, 255, 255, 255, 255, 255, 255, 255, 255, 255,
                255, 255, 255, 255, 255, 255, 255, 255, 255, 255, 255,
                255, 255, 255, 255, 255, 255, 255, 255, 255, 255, 255,
                255, 255, 255, 255, 255, 255, 255, 255, 255, 255 ]
        }
    },
    "box": {
        "boxID": 1737,
        "frame": 259,
        "posX": 672,
        "posY": 756,
        "mat": {
            "type_id": "opencv-matrix",
            "rows": 5,
            "cols": 5,
            "dt": "3u",
            "data": [ 252, 252, 252, 252, 252, 252, 252, 252, 252, 255,
                255, 255, 255, 255, 255, 253, 253, 253, 253, 253, 253,
                253, 253, 253, 255, 255, 255, 255, 255, 255, 253, 253,
                253, 253, 253, 253, 253, 253, 253, 255, 255, 255, 255,
                255, 255, 255, 255, 255, 255, 255, 255, 255, 255, 255,
                255, 255, 255, 255, 255, 255, 255, 255, 255, 255, 255,
                255, 255, 255, 255, 255, 255, 255, 255, 255, 255 ]
        }
    },
    "box": {
        "boxID": 1738,
        "frame": 259,
        "posX": 864,
        "posY": 486,
        "mat": {
            "type_id": "opencv-matrix",
            "rows": 5,
            "cols": 5,
            "dt": "3u",
            "data": [ 186, 170, 162, 184, 168, 160, 184, 168, 160, 184,
                168, 160, 183, 167, 157, 186, 170, 162, 184, 168, 160,
                184, 168, 160, 184, 168, 160, 183, 167, 157, 186, 170,
                162, 186, 170, 162, 186, 170, 162, 186, 170, 162, 186,
                170, 160, 187, 171, 163, 187, 171, 163, 187, 171, 163,
                187, 171, 163, 186, 170, 160, 188, 172, 164, 188, 172,
                164, 188, 172, 164, 188, 172, 164, 187, 171, 163 ]
        }
    }
}
