{
    "box": {
        "boxID": 1021,
        "frame": 121,
        "posX": 0,
        "posY": 0,
        "mat": {
            "type_id": "opencv-matrix",
            "rows": 5,
            "cols": 5,
            "dt": "3u",
            "data": [ 203, 203, 203, 203, 203, 203, 203, 203, 203, 203,
                203, 203, 203, 203, 203, 203, 203, 203, 203, 203, 203,
                203, 203, 203, 203, 203, 203, 203, 203, 203, 203, 203,
                203, 203, 203, 203, 203, 203, 203, 203, 203, 203, 203,
                203, 203, 203, 203, 203, 203, 203, 203, 203, 203, 203,
                203, 203, 203, 203, 203, 203, 203, 203, 203, 203, 203,
                203, 203, 203, 203, 203, 203, 203, 203, 203, 203 ]
        }
    },
    "box": {
        "boxID": 1022,
        "frame": 121,
        "posX": 0,
        "posY": 54,
        "mat": {
            "type_id": "opencv-matrix",
            "rows": 5,
            "cols": 5,
            "dt": "3u",
            "data": [ 248, 248, 248, 248, 248, 248, 248, 248, 248, 248,
                248, 248, 248, 248, 248, 248, 248, 248, 248, 248, 248,
                248, 248, 248, 248, 248, 248, 248, 248, 248, 248, 248,
                248, 248, 248, 248, 248, 248, 248, 248, 248, 248, 248,
                248, 248, 248, 248, 248, 248, 248, 248, 248, 248, 248,
                248, 248, 248, 248, 248, 248, 248, 248, 248, 248, 248,
                248, 248, 248, 248, 248, 248, 248, 248, 248, 248 ]
        }
    },
    "box": {
        "boxID": 1023,
        "frame": 121,
        "posX": 0,
        "posY": 1026,
        "mat": {
            "type_id": "opencv-matrix",
            "rows": 5,
            "cols": 5,
            "dt": "3u",
            "data": [ 228, 228, 228, 228, 228, 228, 228, 228, 228, 228,
                228, 228, 228, 228, 228, 228, 228, 228, 228, 228, 228,
                228, 228, 228, 228, 228, 228, 228, 228, 228, 228, 228,
                228, 228, 228, 228, 228, 228, 228, 228, 228, 228, 228,
                228, 228, 228, 228, 228, 228, 228, 228, 228, 228, 228,
                228, 228, 228, 228, 228, 228, 228, 228, 228, 228, 228,
                228, 228, 228, 228, 228, 228, 228, 228, 228, 228 ]
        }
    },
    "box": {
        "boxID": 1024,
        "frame": 121,
        "posX": 96,
        "posY": 0,
        "mat": {
            "type_id": "opencv-matrix",
            "rows": 5,
            "cols": 5,
            "dt": "3u",
            "data": [ 249, 249, 249, 249, 249, 249, 249, 249, 249, 249,
                249, 249, 249, 249, 249, 249, 249, 249, 249, 249, 249,
                249, 249, 249, 249, 249, 249, 249, 249, 249, 249, 249,
                249, 249, 249, 249, 249, 249, 249, 249, 249, 249, 249,
                249, 249, 249, 249, 249, 249, 249, 249, 249, 249, 249,
                249, 249, 249, 249, 249, 249, 250, 250, 250, 250, 250,
                250, 250, 250, 250, 250, 250, 250, 250, 250, 250 ]
        }
    },
    "box": {
        "boxID": 1025,
        "frame": 121,
        "posX": 96,
        "posY": 54,
        "mat": {
            "type_id": "opencv-matrix",
            "rows": 5,
            "cols": 5,
            "dt": "3u",
            "data": [ 253, 253, 253, 255, 255, 255, 255, 255, 255, 255,
                255, 255, 255, 255, 255, 253, 253, 253, 255, 255, 255,
                255, 255, 255, 255, 255, 255, 255, 255, 255, 252, 252,
                252, 253, 253, 253, 255, 255, 255, 255, 255, 255, 255,
                255, 255, 249, 249, 249, 250, 250, 250, 253, 253, 253,
                255, 255, 255, 255, 255, 255, 246, 246, 246, 248, 248,
                248, 250, 250, 250, 252, 252, 252, 253, 253, 253 ]
        }
    },
    "box": {
        "boxID": 1026,
        "frame": 121,
        "posX": 96,
        "posY": 1026,
        "mat": {
            "type_id": "opencv-matrix",
            "rows": 5,
            "cols": 5,
            "dt": "3u",
            "data": [ 229, 229, 229, 229, 229, 229, 229, 229, 229, 229,
                229, 229, 229, 229, 229, 229, 229, 229, 229, 229, 229,
                229, 229, 229, 229, 229, 229, 229, 229, 229, 229, 229,
                229, 229, 229, 229, 229, 229, 229, 229, 229, 229, 229,
                229, 229, 229, 229, 229, 229, 229, 229, 229, 229, 229,
                229, 229, 229, 229, 229, 229, 229, 229, 229, 229, 229,
                229, 229, 229, 229, 229, 229, 229, 229, 229, 229 ]
        }
    },
    "box": {
        "boxID": 1027,
        "frame": 121,
        "posX": 192,
        "posY": 0,
        "mat": {
            "type_id": "opencv-matrix",
            "rows": 5,
            "cols": 5,
            "dt": "3u",
            "data": [ 248, 248, 248, 248, 248, 248, 246, 246, 246, 246,
                246, 246, 246, 246, 246, 248, 248, 248, 248, 248, 248,
                246, 246, 246, 246, 246, 246, 246, 246, 246, 248, 248,
                248, 248, 248, 248, 246, 246, 246, 246, 246, 246, 246,
                246, 246, 248, 248, 248, 248, 248, 248, 246, 246, 246,
                246, 246, 246, 246, 246, 246, 248, 248, 248, 248, 248,
                248, 246, 246, 246, 246, 246, 246, 246, 246, 246 ]
        }
    },
    "box": {
        "boxID": 1028,
        "frame": 121,
        "posX": 192,
        "posY": 54,
        "mat": {
            "type_id": "opencv-matrix",
            "rows": 5,
            "cols": 5,
            "dt": "3u",
            "data": [ 238, 238, 238, 237, 237, 237, 241, 241, 241, 255,
                255, 255, 255, 255, 255, 255, 255, 255, 243, 243, 243,
                255, 255, 255, 255, 255, 255, 255, 255, 255, 252, 252,
                252, 246, 246, 246, 252, 252, 252, 255, 255, 255, 255,
                255, 255, 252, 252, 252, 249, 249, 249, 252, 252, 252,
                253, 253, 253, 253, 253, 253, 252, 252, 252, 250, 250,
                250, 252, 252, 252, 252, 252, 252, 252, 252, 252 ]
        }
    },
    "box": {
        "boxID": 1029,
        "frame": 121,
        "posX": 192,
        "posY": 1026,
        "mat": {
            "type_id": "opencv-matrix",
            "rows": 5,
            "cols": 5,
            "dt": "3u",
            "data": [ 229, 229, 229, 229, 229, 229, 229, 229, 229, 229,
                229, 229, 229, 229, 229, 229, 229, 229, 229, 229, 229,
                229, 229, 229, 229, 229, 229, 229, 229, 229, 229, 229,
                229, 229, 229, 229, 229, 229, 229, 229, 229, 229, 229,
                229, 229, 229, 229, 229, 229, 229, 229, 229, 229, 229,
                229, 229, 229, 229, 229, 229, 229, 229, 229, 229, 229,
                229, 229, 229, 229, 229, 229, 229, 229, 229, 229 ]
        }
    },
    "box": {
        "boxID": 1030,
        "frame": 121,
        "posX": 288,
        "posY": 0,
        "mat": {
            "type_id": "opencv-matrix",
            "rows": 5,
            "cols": 5,
            "dt": "3u",
            "data": [ 208, 208, 208, 208, 208, 208, 208, 208, 208, 208,
                208, 208, 208, 208, 208, 208, 208, 208, 208, 208, 208,
                208, 208, 208, 208, 208, 208, 208, 208, 208, 208, 208,
                208, 208, 208, 208, 208, 208, 208, 208, 208, 208, 208,
                208, 208, 208, 208, 208, 208, 208, 208, 208, 208, 208,
                208, 208, 208, 208, 208, 208, 208, 208, 208, 208, 208,
                208, 208, 208, 208, 208, 208, 208, 208, 208, 208 ]
        }
    },
    "box": {
        "boxID": 1031,
        "frame": 121,
        "posX": 288,
        "posY": 54,
        "mat": {
            "type_id": "opencv-matrix",
            "rows": 5,
            "cols": 5,
            "dt": "3u",
            "data": [ 255, 255, 255, 255, 255, 255, 255, 255, 255, 255,
                255, 255, 255, 255, 255, 255, 255, 255, 255, 255, 255,
                251, 251, 251, 249, 249, 249, 249, 249, 249, 252, 252,
                252, 252, 252, 252, 252, 252, 252, 252, 252, 252, 252,
                252, 252, 253, 253, 253, 253, 253, 253, 252, 252, 252,
