{
    "box": {
        "boxID": 2173,
        "frame": 488,
        "posX": 960,
        "posY": 162,
        "mat": {
            "type_id": "opencv-matrix",
            "rows": 5,
            "cols": 5,
            "dt": "3u",
            "data": [ 255, 255, 255, 255, 255, 255, 255, 255, 255, 255,
                255, 255, 255, 255, 255, 255, 255, 255, 255, 255, 255,
                255, 255, 255, 255, 255, 255, 255, 255, 255, 255, 255,
                255, 255, 255, 255, 255, 255, 255, 255, 255, 255, 255,
                255, 255, 255, 255, 255, 255, 255, 255, 255, 255, 255,
                255, 255, 255, 255, 255, 255, 255, 255, 255, 255, 255,
                255, 255, 255, 255, 255, 255, 255, 255, 255, 255 ]
        }
    },
    "box": {
        "boxID": 2174,
        "frame": 488,
        "posX": 960,
        "posY": 216,
        "mat": {
            "type_id": "opencv-matrix",
            "rows": 5,
            "cols": 5,
            "dt": "3u",
            "data": [ 255, 254, 255, 255, 254, 255, 255, 255, 255, 255,
                255, 255, 255, 255, 255, 255, 254, 255, 255, 254, 255,
                255, 255, 255, 255, 255, 255, 255, 255, 255, 255, 254,
                255, 255, 254, 255, 255, 255, 255, 253, 253, 253, 253,
                253, 253, 255, 254, 255, 255, 254, 255, 255, 255, 255,
                253, 253, 253, 253, 253, 253, 255, 253, 249, 255, 253,
                249, 252, 252, 252, 253, 253, 253, 253, 253, 253 ]
        }
    },
    "box": {
        "boxID": 2175,
        "frame": 488,
        "posX": 1632,
        "posY": 54,
        "mat": {
            "type_id": "opencv-matrix",
            "rows": 5,
            "cols": 5,
            "dt": "3u",
            "data": [ 253, 253, 253, 252, 252, 252, 252, 252, 252, 250,
                250, 250, 250, 250, 250, 251, 251, 251, 251, 251, 251,
                251, 251, 251, 251, 251, 251, 251, 251, 251, 252, 252,
                252, 252, 252, 252, 251, 251, 251, 251, 251, 251, 251,
                251, 251, 252, 252, 252, 252, 252, 252, 251, 251, 251,
                251, 251, 251, 251, 251, 251, 252, 252, 252, 252, 252,
                252, 251, 251, 251, 251, 251, 251, 251, 251, 251 ]
        }
    }
}
