{
    "box": {
        "boxID": 1226,
        "frame": 190,
        "posX": 672,
        "posY": 756,
        "mat": {
            "type_id": "opencv-matrix",
            "rows": 5,
            "cols": 5,
            "dt": "3u",
            "data": [ 249, 249, 249, 249, 249, 249, 252, 252, 252, 252,
                252, 252, 252, 252, 252, 249, 249, 249, 249, 249, 249,
                251, 251, 251, 252, 252, 252, 252, 252, 252, 249, 249,
                249, 249, 249, 249, 250, 250, 250, 251, 251, 251, 251,
                251, 251, 249, 249, 249, 249, 249, 249, 250, 250, 250,
                251, 251, 251, 251, 251, 251, 249, 249, 249, 249, 249,
                249, 250, 250, 250, 251, 251, 251, 251, 251, 251 ]
        }
    }
}
