{
    "box": {
        "boxID": 191,
        "frame": 6,
        "posX": 0,
        "posY": 0,
        "mat": {
            "type_id": "opencv-matrix",
            "rows": 5,
            "cols": 5,
            "dt": "3u",
            "data": [ 228, 228, 228, 228, 228, 228, 228, 228, 228, 228,
                228, 228, 228, 228, 228, 228, 228, 228, 228, 228, 228,
                228, 228, 228, 228, 228, 228, 228, 228, 228, 228, 228,
                228, 228, 228, 228, 228, 228, 228, 228, 228, 228, 228,
                228, 228, 228, 228, 228, 228, 228, 228, 228, 228, 228,
                228, 228, 228, 228, 228, 228, 228, 228, 228, 228, 228,
                228, 228, 228, 228, 228, 228, 228, 228, 228, 228 ]
        }
    },
    "box": {
        "boxID": 192,
        "frame": 6,
        "posX": 384,
        "posY": 54,
        "mat": {
            "type_id": "opencv-matrix",
            "rows": 5,
            "cols": 5,
            "dt": "3u",
            "data": [ 252, 252, 252, 251, 251, 251, 250, 250, 250, 255,
                255, 255, 255, 255, 255, 255, 255, 255, 255, 255, 255,
                255, 255, 255, 255, 255, 255, 255, 255, 255, 255, 255,
                255, 255, 255, 255, 255, 255, 255, 255, 255, 255, 255,
                255, 255, 253, 253, 253, 255, 255, 255, 255, 255, 255,
                255, 255, 255, 255, 255, 255, 251, 251, 251, 252, 252,
                252, 253, 253, 253, 255, 255, 255, 255, 255, 255 ]
        }
    },
    "box": {
        "boxID": 193,
        "frame": 6,
        "posX": 480,
        "posY": 216,
        "mat": {
            "type_id": "opencv-matrix",
            "rows": 5,
            "cols": 5,
            "dt": "3u",
            "data": [ 255, 255, 255, 255, 255, 255, 255, 255, 255, 255,
                255, 255, 255, 255, 255, 255, 255, 255, 255, 255, 255,
                255, 255, 255, 255, 255, 255, 255, 255, 255, 255, 255,
                255, 255, 255, 255, 255, 255, 255, 255, 255, 255, 255,
                255, 255, 255, 255, 255, 255, 255, 255, 255, 255, 255,
                255, 255, 255, 255, 255, 255, 255, 255, 255, 255, 255,
                255, 255, 255, 255, 255, 255, 255, 255, 255, 255 ]
        }
    },
    "box": {
        "boxID": 194,
        "frame": 6,
        "posX": 480,
        "posY": 324,
        "mat": {
            "type_id": "opencv-matrix",
            "rows": 5,
            "cols": 5,
            "dt": "3u",
            "data": [ 255, 255, 255, 188, 188, 188, 34, 34, 34, 0, 0, 0,
                46, 46, 46, 255, 255, 255, 245, 245, 245, 104, 104, 104,
                0, 0, 0, 19, 19, 19, 255, 255, 255, 255, 255, 255, 161,
                161, 161, 62, 62, 62, 0, 0, 0, 255, 255, 255, 255, 255,
                255, 179, 179, 179, 119, 119, 119, 8, 8, 8, 196, 196,
                196, 196, 196, 196, 167, 167, 167, 166, 166, 166, 38, 38,
                38 ]
        }
    },
    "box": {
        "boxID": 195,
        "frame": 6,
        "posX": 480,
        "posY": 378,
        "mat": {
            "type_id": "opencv-matrix",
            "rows": 5,
            "cols": 5,
            "dt": "3u",
            "data": [ 83, 83, 83, 249, 249, 249, 236, 236, 236, 183, 183,
                183, 255, 255, 255, 83, 83, 83, 249, 249, 249, 236, 236,
                236, 183, 183, 183, 255, 255, 255, 83, 83, 83, 249, 249,
                249, 236, 236, 236, 183, 183, 183, 255, 255, 255, 83, 83,
                83, 249, 249, 249, 236, 236, 236, 183, 183, 183, 255,
                255, 255, 82, 82, 82, 251, 251, 251, 235, 235, 235, 183,
                183, 183, 255, 255, 255 ]
        }
    },
    "box": {
        "boxID": 196,
        "frame": 6,
        "posX": 480,
        "posY": 864,
        "mat": {
            "type_id": "opencv-matrix",
            "rows": 5,
            "cols": 5,
            "dt": "3u",
            "data": [ 255, 255, 255, 255, 255, 255, 255, 255, 255, 255,
                255, 255, 255, 255, 255, 255, 255, 255, 255, 255, 255,
                255, 255, 255, 255, 255, 255, 255, 255, 255, 255, 255,
                255, 255, 255, 255, 255, 255, 255, 255, 255, 255, 255,
                255, 255, 255, 255, 255, 255, 255, 255, 255, 255, 255,
                255, 255, 255, 255, 255, 255, 255, 255, 255, 255, 255,
                255, 255, 255, 255, 255, 255, 255, 255, 255, 255 ]
        }
    },
    "box": {
        "boxID": 197,
        "frame": 6,
        "posX": 576,
        "posY": 324,
        "mat": {
            "type_id": "opencv-matrix",
            "rows": 5,
            "cols": 5,
            "dt": "3u",
            "data": [ 255, 255, 255, 222, 222, 222, 146, 146, 146, 72,
                72, 72, 241, 241, 241, 255, 255, 255, 255, 255, 255, 246,
                246, 246, 222, 222, 222, 241, 241, 241, 255, 255, 255,
                255, 255, 255, 251, 251, 251, 250, 250, 250, 245, 245,
                245, 255, 255, 255, 255, 255, 255, 251, 251, 251, 250,
                250, 250, 245, 245, 245, 255, 255, 255, 255, 255, 255,
                255, 255, 255, 255, 255, 255, 255, 255, 255 ]
        }
    },
    "box": {
        "boxID": 198,
        "frame": 6,
        "posX": 672,
        "posY": 378,
        "mat": {
            "type_id": "opencv-matrix",
            "rows": 5,
            "cols": 5,
            "dt": "3u",
            "data": [ 255, 255, 255, 255, 255, 255, 255, 255, 255, 255,
                255, 255, 252, 252, 252, 255, 255, 255, 255, 255, 255,
                255, 255, 255, 255, 255, 255, 252, 252, 252, 255, 255,
                255, 255, 255, 255, 255, 255, 255, 255, 255, 255, 255,
                255, 255, 255, 255, 255, 255, 255, 255, 255, 255, 255,
                255, 255, 255, 255, 255, 255, 255, 255, 255, 255, 255,
                255, 255, 255, 255, 255, 255, 255, 255, 255, 255 ]
        }
    },
    "box": {
        "boxID": 199,
        "frame": 6,
        "posX": 672,
        "posY": 702,
        "mat": {
            "type_id": "opencv-matrix",
            "rows": 5,
            "cols": 5,
            "dt": "3u",
            "data": [ 255, 255, 255, 255, 255, 255, 255, 255, 255, 255,
                255, 255, 255, 255, 255, 255, 255, 255, 255, 255, 255,
                255, 255, 255, 255, 255, 255, 255, 255, 255, 255, 255,
                255, 255, 255, 255, 255, 255, 255, 255, 255, 255, 255,
                255, 255, 255, 255, 255, 255, 255, 255, 255, 255, 255,
                255, 255, 255, 255, 255, 255, 255, 255, 255, 255, 255,
                255, 255, 255, 255, 255, 255, 255, 255, 255, 255 ]
        }
    },
    "box": {
        "boxID": 200,
        "frame": 6,
        "posX": 672,
        "posY": 810,
        "mat": {
            "type_id": "opencv-matrix",
            "rows": 5,
            "cols": 5,
            "dt": "3u",
            "data": [ 47, 0, 147, 98, 46, 198, 142, 109, 205, 176, 143,
                239, 217, 216, 218, 132, 80, 232, 214, 162, 255, 255,
                245, 255, 255, 234, 255, 255, 255, 255, 223, 214, 238,
                239, 230, 254, 238, 233, 245, 238, 233, 245, 238, 230,
                252, 222, 213, 237, 229, 220, 244, 241, 236, 248, 241,
                236, 248, 241, 233, 255, 249, 244, 255, 239, 234, 248,
                244, 241, 248, 244, 241, 248, 243, 238, 250 ]
        }
    },
    "box": {
        "boxID": 201,
        "frame": 6,
        "posX": 768,
        "posY": 324,
        "mat": {
            "type_id": "opencv-matrix",
            "rows": 5,
            "cols": 5,
            "dt": "3u",
            "data": [ 183, 183, 183, 255, 255, 255, 255, 255, 255, 255,
                255, 255, 255, 255, 255, 115, 115, 115, 251, 251, 251,
                255, 255, 255, 255, 255, 255, 255, 255, 255, 46, 46, 46,
                183, 183, 183, 255, 255, 255, 255, 255, 255, 255, 255,
                255, 34, 34, 34, 115, 115, 115, 251, 251, 251, 255, 255,
                255, 255, 255, 255, 25, 25, 25, 81, 81, 81, 183, 183,
                183, 255, 255, 255, 253, 253, 253 ]
        }
