{
    "box": {
        "boxID": 1345,
        "frame": 243,
        "posX": 1248,
        "posY": 378,
        "mat": {
            "type_id": "opencv-matrix",
            "rows": 5,
            "cols": 5,
            "dt": "3u",
            "data": [ 239, 239, 239, 221, 221, 221, 20, 20, 20, 2, 2, 2,
                0, 0, 0, 239, 239, 239, 221, 221, 221, 20, 20, 20, 2, 2,
                2, 0, 0, 0, 239, 239, 239, 221, 221, 221, 20, 20, 20, 2,
                2, 2, 0, 0, 0, 242, 242, 242, 222, 222, 222, 20, 20, 20,
                2, 2, 2, 0, 0, 0, 243, 243, 243, 224, 224, 224, 20, 20,
                20, 2, 2, 2, 0, 0, 0 ]
        }
    }
}
