{
    "box": {
        "boxID": 2229,
        "frame": 526,
        "posX": 960,
        "posY": 216,
        "mat": {
            "type_id": "opencv-matrix",
            "rows": 5,
            "cols": 5,
            "dt": "3u",
            "data": [ 255, 252, 253, 255, 252, 253, 255, 252, 253, 255,
                252, 253, 253, 253, 253, 255, 252, 253, 255, 252, 253,
                255, 252, 253, 254, 251, 252, 252, 252, 252, 255, 251,
                251, 255, 251, 251, 255, 252, 253, 254, 251, 252, 252,
                252, 252, 255, 253, 253, 255, 251, 251, 255, 252, 253,
                254, 251, 252, 252, 252, 252, 255, 247, 247, 255, 249,
                249, 255, 252, 253, 254, 251, 252, 252, 252, 252 ]
        }
    },
    "box": {
        "boxID": 2230,
        "frame": 526,
        "posX": 1056,
        "posY": 216,
        "mat": {
            "type_id": "opencv-matrix",
            "rows": 5,
            "cols": 5,
            "dt": "3u",
            "data": [ 255, 255, 255, 255, 255, 255, 255, 255, 255, 255,
                255, 255, 255, 255, 255, 239, 239, 239, 250, 250, 250,
                255, 255, 255, 255, 255, 255, 255, 255, 255, 129, 129,
                129, 73, 73, 73, 149, 149, 149, 255, 255, 255, 249, 249,
                249, 74, 74, 74, 133, 133, 133, 4, 4, 4, 79, 79, 79, 246,
                246, 246, 210, 210, 210, 255, 255, 255, 221, 221, 221,
                74, 74, 74, 150, 150, 150 ]
        }
    }
}
