{
    "box": {
        "boxID": 894,
        "frame": 43,
        "posX": 0,
        "posY": 54,
        "mat": {
            "type_id": "opencv-matrix",
            "rows": 5,
            "cols": 5,
            "dt": "3u",
            "data": [ 248, 248, 248, 248, 248, 248, 248, 248, 248, 248,
                248, 248, 248, 248, 248, 248, 248, 248, 248, 248, 248,
                248, 248, 248, 248, 248, 248, 248, 248, 248, 248, 248,
                248, 248, 248, 248, 248, 248, 248, 248, 248, 248, 248,
                248, 248, 248, 248, 248, 248, 248, 248, 248, 248, 248,
                248, 248, 248, 248, 248, 248, 248, 248, 248, 248, 248,
                248, 248, 248, 248, 248, 248, 248, 248, 248, 248 ]
        }
    },
    "box": {
        "boxID": 895,
        "frame": 43,
        "posX": 0,
        "posY": 1026,
        "mat": {
            "type_id": "opencv-matrix",
            "rows": 5,
            "cols": 5,
            "dt": "3u",
            "data": [ 228, 228, 228, 228, 228, 228, 228, 228, 228, 228,
                228, 228, 228, 228, 228, 228, 228, 228, 228, 228, 228,
                228, 228, 228, 228, 228, 228, 228, 228, 228, 228, 228,
                228, 228, 228, 228, 228, 228, 228, 228, 228, 228, 228,
                228, 228, 228, 228, 228, 228, 228, 228, 228, 228, 228,
                228, 228, 228, 228, 228, 228, 228, 228, 228, 228, 228,
                228, 228, 228, 228, 228, 228, 228, 228, 228, 228 ]
        }
    },
    "box": {
        "boxID": 896,
        "frame": 43,
        "posX": 96,
        "posY": 54,
        "mat": {
            "type_id": "opencv-matrix",
            "rows": 5,
            "cols": 5,
            "dt": "3u",
            "data": [ 248, 248, 248, 248, 248, 248, 248, 248, 248, 248,
                248, 248, 248, 248, 248, 248, 248, 248, 248, 248, 248,
                248, 248, 248, 248, 248, 248, 248, 248, 248, 248, 248,
                248, 248, 248, 248, 248, 248, 248, 248, 248, 248, 248,
                248, 248, 248, 248, 248, 248, 248, 248, 248, 248, 248,
                248, 248, 248, 248, 248, 248, 248, 248, 248, 248, 248,
                248, 248, 248, 248, 248, 248, 248, 248, 248, 248 ]
        }
    },
    "box": {
        "boxID": 897,
        "frame": 43,
        "posX": 96,
        "posY": 1026,
        "mat": {
            "type_id": "opencv-matrix",
            "rows": 5,
            "cols": 5,
            "dt": "3u",
            "data": [ 229, 229, 229, 229, 229, 229, 229, 229, 229, 229,
                229, 229, 229, 229, 229, 229, 229, 229, 229, 229, 229,
                229, 229, 229, 229, 229, 229, 229, 229, 229, 229, 229,
                229, 229, 229, 229, 229, 229, 229, 229, 229, 229, 229,
                229, 229, 229, 229, 229, 229, 229, 229, 229, 229, 229,
                229, 229, 229, 229, 229, 229, 229, 229, 229, 229, 229,
                229, 229, 229, 229, 229, 229, 229, 229, 229, 229 ]
        }
    },
    "box": {
        "boxID": 898,
        "frame": 43,
        "posX": 384,
        "posY": 1026,
        "mat": {
            "type_id": "opencv-matrix",
            "rows": 5,
            "cols": 5,
            "dt": "3u",
            "data": [ 255, 255, 255, 255, 255, 255, 255, 255, 255, 255,
                255, 255, 255, 255, 255, 255, 255, 255, 255, 255, 255,
                255, 255, 255, 255, 255, 255, 255, 255, 255, 255, 255,
                255, 255, 255, 255, 255, 255, 255, 255, 255, 255, 255,
                255, 255, 255, 255, 255, 255, 255, 255, 255, 255, 255,
                255, 255, 255, 255, 255, 255, 255, 255, 255, 255, 255,
                255, 255, 255, 255, 255, 255, 255, 255, 255, 255 ]
        }
    },
    "box": {
        "boxID": 899,
        "frame": 43,
        "posX": 480,
        "posY": 324,
        "mat": {
            "type_id": "opencv-matrix",
            "rows": 5,
            "cols": 5,
            "dt": "3u",
            "data": [ 231, 231, 231, 255, 255, 255, 18, 18, 18, 0, 0, 0,
                13, 13, 13, 242, 242, 242, 255, 255, 255, 109, 109, 109,
                0, 0, 0, 0, 0, 0, 251, 251, 251, 255, 255, 255, 208, 208,
                208, 26, 26, 26, 0, 0, 0, 255, 255, 255, 252, 252, 252,
                246, 246, 246, 73, 73, 73, 0, 0, 0, 224, 224, 224, 227,
                227, 227, 197, 197, 197, 196, 196, 196, 0, 0, 0 ]
        }
    },
    "box": {
        "boxID": 900,
        "frame": 43,
        "posX": 576,
        "posY": 324,
        "mat": {
            "type_id": "opencv-matrix",
            "rows": 5,
            "cols": 5,
            "dt": "3u",
            "data": [ 255, 255, 255, 142, 142, 142, 46, 46, 46, 179, 179,
                179, 252, 252, 252, 255, 255, 255, 206, 206, 206, 190,
                190, 190, 255, 255, 255, 243, 243, 243, 255, 255, 255,
                243, 243, 243, 239, 239, 239, 255, 255, 255, 245, 245,
                245, 255, 255, 255, 255, 255, 255, 248, 248, 248, 245,
                245, 245, 242, 242, 242, 236, 236, 236, 232, 232, 232,
                248, 248, 248, 255, 255, 255, 255, 255, 255 ]
        }
    },
    "box": {
        "boxID": 901,
        "frame": 43,
        "posX": 576,
        "posY": 1026,
        "mat": {
            "type_id": "opencv-matrix",
            "rows": 5,
            "cols": 5,
            "dt": "3u",
            "data": [ 255, 255, 255, 255, 255, 255, 255, 255, 255, 255,
                255, 255, 255, 255, 255, 255, 255, 255, 255, 255, 255,
                255, 255, 255, 255, 255, 255, 255, 255, 255, 255, 255,
                255, 255, 255, 255, 255, 255, 255, 255, 255, 255, 255,
                255, 255, 255, 255, 255, 255, 255, 255, 255, 255, 255,
                255, 255, 255, 255, 255, 255, 255, 255, 255, 255, 255,
                255, 255, 255, 255, 255, 255, 255, 255, 255, 255 ]
        }
    },
    "box": {
        "boxID": 902,
        "frame": 43,
        "posX": 672,
        "posY": 270,
        "mat": {
            "type_id": "opencv-matrix",
            "rows": 5,
            "cols": 5,
            "dt": "3u",
            "data": [ 255, 255, 255, 255, 255, 255, 255, 255, 255, 255,
                255, 255, 255, 255, 255, 255, 255, 255, 255, 255, 255,
                255, 255, 255, 255, 255, 255, 255, 255, 255, 255, 255,
                255, 255, 255, 255, 255, 255, 255, 255, 255, 255, 255,
                255, 255, 255, 255, 255, 255, 255, 255, 255, 255, 255,
                255, 255, 255, 255, 255, 255, 255, 252, 253, 255, 252,
                253, 255, 252, 253, 255, 252, 253, 255, 252, 253 ]
        }
    },
    "box": {
        "boxID": 903,
        "frame": 43,
        "posX": 864,
        "posY": 54,
        "mat": {
            "type_id": "opencv-matrix",
            "rows": 5,
            "cols": 5,
            "dt": "3u",
            "data": [ 255, 255, 255, 255, 255, 255, 255, 255, 255, 255,
                255, 255, 255, 255, 255, 255, 255, 255, 255, 255, 255,
                255, 255, 255, 255, 255, 255, 255, 255, 255, 255, 255,
                255, 255, 255, 255, 255, 255, 255, 255, 255, 255, 255,
                255, 255, 255, 255, 255, 255, 255, 255, 255, 255, 255,
                255, 255, 255, 255, 255, 255, 255, 255, 255, 255, 255,
                255, 255, 255, 255, 255, 255, 255, 255, 255, 255 ]
        }
    },
    "box": {
        "boxID": 904,
        "frame": 43,
        "posX": 960,
        "posY": 54,
        "mat": {
            "type_id": "opencv-matrix",
            "rows": 5,
            "cols": 5,
            "dt": "3u",
            "data": [ 255, 255, 255, 255, 255, 255, 255, 255, 255, 255,
                255, 255, 255, 255, 255, 255, 255, 255, 255, 255, 255,
                255, 255, 255, 255, 255, 255, 255, 255, 255, 255, 255,
                255, 255, 255, 255, 255, 255, 255, 255, 255, 255, 255,
                255, 255, 255, 255, 255, 255, 255, 255, 255, 255, 255,
                255, 255, 255, 255, 255, 255, 255, 255, 255, 255, 255,
