{
    "box": {
        "boxID": 455,
        "frame": 19,
        "posX": 0,
        "posY": 1026,
        "mat": {
            "type_id": "opencv-matrix",
            "rows": 5,
            "cols": 5,
            "dt": "3u",
            "data": [ 228, 228, 228, 228, 228, 228, 228, 228, 228, 228,
                228, 228, 228, 228, 228, 228, 228, 228, 228, 228, 228,
                228, 228, 228, 228, 228, 228, 228, 228, 228, 228, 228,
                228, 228, 228, 228, 228, 228, 228, 228, 228, 228, 228,
                228, 228, 228, 228, 228, 228, 228, 228, 228, 228, 228,
                228, 228, 228, 228, 228, 228, 228, 228, 228, 228, 228,
                228, 228, 228, 228, 228, 228, 228, 228, 228, 228 ]
        }
    },
    "box": {
        "boxID": 456,
        "frame": 19,
        "posX": 96,
        "posY": 0,
        "mat": {
            "type_id": "opencv-matrix",
            "rows": 5,
            "cols": 5,
            "dt": "3u",
            "data": [ 255, 255, 255, 255, 255, 255, 255, 255, 255, 255,
                255, 255, 255, 255, 255, 255, 255, 255, 255, 255, 255,
                255, 255, 255, 255, 255, 255, 255, 255, 255, 255, 255,
                255, 255, 255, 255, 255, 255, 255, 255, 255, 255, 255,
                255, 255, 255, 255, 255, 255, 255, 255, 255, 255, 255,
                255, 255, 255, 255, 255, 255, 255, 255, 255, 255, 255,
                255, 255, 255, 255, 255, 255, 255, 255, 255, 255 ]
        }
    },
    "box": {
        "boxID": 457,
        "frame": 19,
        "posX": 192,
        "posY": 0,
        "mat": {
            "type_id": "opencv-matrix",
            "rows": 5,
            "cols": 5,
            "dt": "3u",
            "data": [ 250, 250, 250, 249, 249, 249, 249, 249, 249, 248,
                248, 248, 248, 248, 248, 250, 250, 250, 249, 249, 249,
                249, 249, 249, 248, 248, 248, 248, 248, 248, 250, 250,
                250, 249, 249, 249, 249, 249, 249, 248, 248, 248, 248,
                248, 248, 250, 250, 250, 249, 249, 249, 249, 249, 249,
                248, 248, 248, 248, 248, 248, 250, 250, 250, 249, 249,
                249, 249, 249, 249, 248, 248, 248, 248, 248, 248 ]
        }
    },
    "box": {
        "boxID": 458,
        "frame": 19,
        "posX": 192,
        "posY": 1026,
        "mat": {
            "type_id": "opencv-matrix",
            "rows": 5,
            "cols": 5,
            "dt": "3u",
            "data": [ 229, 229, 229, 229, 229, 229, 229, 229, 229, 229,
                229, 229, 229, 229, 229, 229, 229, 229, 229, 229, 229,
                229, 229, 229, 229, 229, 229, 229, 229, 229, 229, 229,
                229, 229, 229, 229, 229, 229, 229, 229, 229, 229, 229,
                229, 229, 229, 229, 229, 229, 229, 229, 229, 229, 229,
                229, 229, 229, 229, 229, 229, 229, 229, 229, 229, 229,
                229, 229, 229, 229, 229, 229, 229, 229, 229, 229 ]
        }
    },
    "box": {
        "boxID": 459,
        "frame": 19,
        "posX": 288,
        "posY": 0,
        "mat": {
            "type_id": "opencv-matrix",
            "rows": 5,
            "cols": 5,
            "dt": "3u",
            "data": [ 231, 231, 231, 231, 231, 231, 231, 231, 231, 231,
                231, 231, 231, 231, 231, 231, 231, 231, 231, 231, 231,
                231, 231, 231, 231, 231, 231, 231, 231, 231, 231, 231,
                231, 231, 231, 231, 231, 231, 231, 231, 231, 231, 231,
                231, 231, 231, 231, 231, 231, 231, 231, 231, 231, 231,
                231, 231, 231, 231, 231, 231, 231, 231, 231, 231, 231,
                231, 231, 231, 231, 231, 231, 231, 231, 231, 231 ]
        }
    },
    "box": {
        "boxID": 460,
        "frame": 19,
        "posX": 288,
        "posY": 54,
        "mat": {
            "type_id": "opencv-matrix",
            "rows": 5,
            "cols": 5,
            "dt": "3u",
            "data": [ 255, 255, 255, 255, 255, 255, 255, 255, 255, 255,
                255, 255, 255, 255, 255, 255, 255, 255, 255, 255, 255,
                255, 255, 255, 255, 255, 255, 255, 255, 255, 255, 255,
                255, 255, 255, 255, 255, 255, 255, 255, 255, 255, 255,
                255, 255, 255, 255, 255, 255, 255, 255, 255, 255, 255,
                255, 255, 255, 255, 255, 255, 255, 255, 255, 255, 255,
                255, 255, 255, 255, 255, 255, 255, 255, 255, 255 ]
        }
    },
    "box": {
        "boxID": 461,
        "frame": 19,
        "posX": 288,
        "posY": 1026,
        "mat": {
            "type_id": "opencv-matrix",
            "rows": 5,
            "cols": 5,
            "dt": "3u",
            "data": [ 255, 255, 255, 255, 255, 255, 255, 255, 255, 255,
                255, 255, 255, 255, 255, 255, 255, 255, 255, 255, 255,
                255, 255, 255, 255, 255, 255, 255, 255, 255, 255, 255,
                255, 255, 255, 255, 255, 255, 255, 255, 255, 255, 255,
                255, 255, 255, 255, 255, 255, 255, 255, 255, 255, 255,
                255, 255, 255, 255, 255, 255, 253, 253, 253, 253, 253,
                253, 253, 253, 253, 253, 253, 253, 253, 253, 253 ]
        }
    },
    "box": {
        "boxID": 462,
        "frame": 19,
        "posX": 384,
        "posY": 0,
        "mat": {
            "type_id": "opencv-matrix",
            "rows": 5,
            "cols": 5,
            "dt": "3u",
            "data": [ 231, 231, 231, 231, 231, 231, 231, 231, 231, 231,
                231, 231, 231, 231, 231, 231, 231, 231, 231, 231, 231,
                231, 231, 231, 231, 231, 231, 231, 231, 231, 231, 231,
                231, 231, 231, 231, 231, 231, 231, 231, 231, 231, 231,
                231, 231, 231, 231, 231, 231, 231, 231, 231, 231, 231,
                231, 231, 231, 231, 231, 231, 231, 231, 231, 231, 231,
                231, 231, 231, 231, 231, 231, 231, 231, 231, 231 ]
        }
    },
    "box": {
        "boxID": 463,
        "frame": 19,
        "posX": 384,
        "posY": 270,
        "mat": {
            "type_id": "opencv-matrix",
            "rows": 5,
            "cols": 5,
            "dt": "3u",
            "data": [ 255, 255, 255, 255, 255, 255, 255, 255, 255, 255,
                255, 255, 255, 255, 255, 255, 255, 255, 255, 255, 255,
                255, 255, 255, 255, 255, 255, 255, 255, 255, 255, 255,
                255, 255, 255, 255, 255, 255, 255, 255, 255, 255, 255,
                255, 255, 255, 255, 255, 255, 255, 255, 255, 255, 255,
                255, 255, 255, 255, 255, 255, 255, 255, 255, 255, 255,
                255, 255, 255, 255, 255, 255, 255, 255, 255, 255 ]
        }
    },
    "box": {
        "boxID": 464,
        "frame": 19,
        "posX": 384,
        "posY": 324,
        "mat": {
            "type_id": "opencv-matrix",
            "rows": 5,
            "cols": 5,
            "dt": "3u",
            "data": [ 255, 255, 255, 255, 255, 255, 255, 255, 255, 255,
                255, 255, 255, 255, 255, 255, 255, 255, 255, 255, 255,
                255, 255, 255, 255, 255, 255, 255, 255, 255, 255, 255,
                255, 255, 255, 255, 255, 255, 255, 255, 255, 255, 255,
                255, 255, 255, 255, 255, 255, 255, 255, 255, 255, 255,
                255, 255, 255, 255, 255, 255, 255, 255, 255, 255, 255,
                255, 255, 255, 255, 255, 255, 255, 255, 255, 255 ]
        }
    },
    "box": {
        "boxID": 465,
        "frame": 19,
        "posX": 480,
        "posY": 378,
        "mat": {
            "type_id": "opencv-matrix",
            "rows": 5,
            "cols": 5,
            "dt": "3u",
            "data": [ 67, 67, 67, 251, 251, 251, 255, 255, 255, 249, 249,
                249, 255, 255, 255, 62, 62, 62, 249, 249, 249, 255, 255,
                255, 246, 246, 246, 255, 255, 255, 53, 53, 53, 239, 239,
                239, 255, 255, 255, 237, 237, 237, 255, 255, 255, 48, 48,
                48, 237, 237, 237, 255, 255, 255, 234, 234, 234, 255,
