{
    "box": {
        "boxID": 2228,
        "frame": 525,
        "posX": 960,
        "posY": 216,
        "mat": {
            "type_id": "opencv-matrix",
            "rows": 5,
            "cols": 5,
            "dt": "3u",
            "data": [ 255, 252, 253, 255, 252, 253, 255, 252, 253, 255,
                252, 253, 253, 253, 253, 255, 252, 253, 255, 252, 253,
                255, 252, 253, 254, 251, 252, 252, 252, 252, 255, 251,
                251, 255, 251, 251, 255, 252, 253, 254, 251, 252, 252,
                252, 252, 255, 253, 253, 255, 251, 251, 255, 252, 253,
                254, 251, 252, 252, 252, 252, 255, 247, 247, 255, 249,
                249, 255, 252, 253, 254, 251, 252, 252, 252, 252 ]
        }
    }
}
