{
    "box": {
        "boxID": 2155,
        "frame": 483,
        "posX": 768,
        "posY": 756,
        "mat": {
            "type_id": "opencv-matrix",
            "rows": 5,
            "cols": 5,
            "dt": "3u",
            "data": [ 252, 252, 252, 252, 252, 252, 252, 252, 252, 252,
                252, 252, 252, 252, 252, 252, 252, 252, 252, 252, 252,
                252, 252, 252, 252, 252, 252, 252, 252, 252, 252, 252,
                252, 252, 252, 252, 252, 252, 252, 252, 252, 252, 252,
                252, 252, 252, 252, 252, 252, 252, 252, 252, 252, 252,
                252, 252, 252, 252, 252, 252, 252, 252, 252, 252, 252,
                252, 252, 252, 252, 252, 252, 252, 252, 252, 252 ]
        }
    },
    "box": {
        "boxID": 2156,
        "frame": 483,
        "posX": 864,
        "posY": 216,
        "mat": {
            "type_id": "opencv-matrix",
            "rows": 5,
            "cols": 5,
            "dt": "3u",
            "data": [ 255, 255, 255, 255, 255, 255, 255, 255, 255, 255,
                255, 255, 255, 255, 255, 255, 255, 255, 255, 255, 255,
                255, 255, 255, 255, 255, 255, 255, 255, 255, 255, 255,
                255, 255, 255, 255, 255, 255, 255, 255, 255, 255, 255,
                255, 255, 255, 255, 255, 255, 255, 255, 255, 255, 255,
                255, 255, 255, 255, 255, 255, 255, 255, 255, 255, 255,
                255, 255, 255, 255, 255, 255, 255, 255, 255, 255 ]
        }
    },
    "box": {
        "boxID": 2157,
        "frame": 483,
        "posX": 960,
        "posY": 216,
        "mat": {
            "type_id": "opencv-matrix",
            "rows": 5,
            "cols": 5,
            "dt": "3u",
            "data": [ 255, 255, 255, 255, 255, 255, 255, 255, 255, 255,
                255, 255, 255, 255, 255, 255, 255, 255, 255, 255, 255,
                255, 255, 255, 255, 255, 255, 255, 255, 255, 255, 255,
                253, 255, 255, 253, 255, 255, 255, 255, 255, 255, 241,
                241, 241, 255, 255, 253, 255, 255, 253, 255, 255, 255,
                255, 255, 255, 238, 238, 238, 255, 255, 255, 242, 246,
                241, 171, 171, 171, 133, 133, 133, 164, 164, 164 ]
        }
    }
}
