{
    "box": {
        "boxID": 586,
        "frame": 27,
        "posX": 1056,
        "posY": 54,
        "mat": {
            "type_id": "opencv-matrix",
            "rows": 5,
            "cols": 5,
            "dt": "3u",
            "data": [ 255, 255, 255, 255, 255, 255, 255, 255, 255, 255,
                255, 255, 255, 255, 255, 255, 255, 255, 255, 255, 255,
                255, 255, 255, 255, 255, 255, 255, 255, 255, 255, 255,
                255, 255, 255, 255, 255, 255, 255, 255, 255, 255, 255,
                255, 255, 255, 255, 255, 255, 255, 255, 255, 255, 255,
                255, 255, 255, 255, 255, 255, 255, 255, 255, 255, 255,
                255, 255, 255, 255, 255, 255, 255, 255, 255, 255 ]
        }
    },
    "box": {
        "boxID": 587,
        "frame": 27,
        "posX": 1152,
        "posY": 270,
        "mat": {
            "type_id": "opencv-matrix",
            "rows": 5,
            "cols": 5,
            "dt": "3u",
            "data": [ 255, 255, 255, 255, 255, 255, 255, 255, 255, 255,
                255, 255, 255, 255, 255, 255, 255, 255, 255, 255, 255,
                255, 255, 255, 255, 255, 255, 255, 255, 255, 255, 255,
                255, 255, 255, 255, 255, 255, 255, 255, 255, 255, 255,
                255, 255, 255, 255, 255, 255, 255, 255, 255, 255, 255,
                255, 255, 255, 255, 255, 255, 255, 252, 253, 255, 252,
                253, 255, 252, 253, 255, 252, 253, 255, 252, 253 ]
        }
    },
    "box": {
        "boxID": 588,
        "frame": 27,
        "posX": 1152,
        "posY": 324,
        "mat": {
            "type_id": "opencv-matrix",
            "rows": 5,
            "cols": 5,
            "dt": "3u",
            "data": [ 34, 34, 34, 142, 142, 142, 251, 251, 251, 255, 255,
                255, 255, 255, 255, 0, 0, 0, 74, 74, 74, 241, 241, 241,
                255, 255, 255, 255, 255, 255, 0, 0, 0, 38, 38, 38, 199,
                199, 199, 255, 255, 255, 255, 255, 255, 0, 0, 0, 6, 6, 6,
                171, 171, 171, 255, 255, 255, 255, 255, 255, 0, 0, 0, 0,
                0, 0, 76, 76, 76, 251, 251, 251, 255, 255, 255 ]
        }
    },
    "box": {
        "boxID": 589,
        "frame": 27,
        "posX": 1248,
        "posY": 324,
        "mat": {
            "type_id": "opencv-matrix",
            "rows": 5,
            "cols": 5,
            "dt": "3u",
            "data": [ 47, 47, 47, 17, 17, 17, 104, 104, 104, 182, 182,
                182, 232, 232, 232, 105, 105, 105, 19, 19, 19, 20, 20,
                20, 109, 109, 109, 180, 180, 180, 183, 183, 183, 114,
                114, 114, 20, 20, 20, 19, 19, 19, 109, 109, 109, 207,
                207, 207, 181, 181, 181, 102, 102, 102, 12, 12, 12, 34,
                34, 34, 248, 248, 248, 220, 220, 220, 172, 172, 172, 81,
                81, 81, 0, 0, 0 ]
        }
    }
}
