{
    "box": {
        "boxID": 1935,
        "frame": 382,
        "posX": 480,
        "posY": 270,
        "mat": {
            "type_id": "opencv-matrix",
            "rows": 5,
            "cols": 5,
            "dt": "3u",
            "data": [ 255, 255, 255, 255, 255, 255, 255, 255, 255, 255,
                255, 255, 255, 255, 255, 255, 255, 255, 255, 255, 255,
                255, 255, 255, 255, 255, 255, 255, 255, 255, 255, 255,
                255, 255, 255, 255, 255, 255, 255, 255, 255, 255, 255,
                255, 255, 255, 255, 255, 255, 255, 255, 255, 255, 255,
                255, 255, 255, 255, 255, 255, 255, 255, 255, 255, 255,
                255, 255, 255, 255, 255, 255, 255, 255, 255, 255 ]
        }
    },
    "box": {
        "boxID": 1936,
        "frame": 382,
        "posX": 480,
        "posY": 324,
        "mat": {
            "type_id": "opencv-matrix",
            "rows": 5,
            "cols": 5,
            "dt": "3u",
            "data": [ 221, 221, 221, 202, 202, 202, 86, 86, 86, 255, 255,
                255, 255, 255, 255, 255, 255, 255, 255, 255, 255, 22, 22,
                22, 255, 255, 255, 255, 255, 255, 228, 228, 228, 208,
                208, 208, 80, 80, 80, 255, 255, 255, 227, 227, 227, 93,
                93, 93, 86, 86, 86, 202, 202, 202, 22, 22, 22, 197, 197,
                197, 255, 255, 255, 255, 255, 255, 255, 255, 255, 255,
                255, 255, 255, 255, 255 ]
        }
    }
}
