{
    "box": {
        "boxID": 1995,
        "frame": 443,
        "posX": 1248,
        "posY": 54,
        "mat": {
            "type_id": "opencv-matrix",
            "rows": 5,
            "cols": 5,
            "dt": "3u",
            "data": [ 253, 253, 253, 253, 253, 253, 253, 253, 253, 253,
                253, 253, 253, 253, 253, 253, 253, 253, 253, 253, 253,
                253, 253, 253, 253, 253, 253, 253, 253, 253, 253, 253,
                253, 253, 253, 253, 253, 253, 253, 253, 253, 253, 253,
                253, 253, 253, 253, 253, 253, 253, 253, 253, 253, 253,
                253, 253, 253, 253, 253, 253, 253, 253, 253, 253, 253,
                253, 253, 253, 253, 253, 253, 253, 253, 253, 253 ]
        }
    },
    "box": {
        "boxID": 1996,
        "frame": 443,
        "posX": 1248,
        "posY": 108,
        "mat": {
            "type_id": "opencv-matrix",
            "rows": 5,
            "cols": 5,
            "dt": "3u",
            "data": [ 235, 235, 235, 235, 235, 235, 235, 235, 235, 235,
                235, 235, 235, 235, 235, 230, 230, 230, 230, 230, 230,
                230, 230, 230, 230, 230, 230, 230, 230, 230, 223, 223,
                223, 223, 223, 223, 223, 223, 223, 223, 223, 223, 223,
                223, 223, 218, 218, 218, 218, 218, 218, 218, 218, 218,
                218, 218, 218, 218, 218, 218, 214, 214, 214, 214, 214,
                214, 214, 214, 214, 214, 214, 214, 214, 214, 214 ]
        }
    },
    "box": {
        "boxID": 1997,
        "frame": 443,
        "posX": 1344,
        "posY": 54,
        "mat": {
            "type_id": "opencv-matrix",
            "rows": 5,
            "cols": 5,
            "dt": "3u",
            "data": [ 253, 253, 253, 253, 253, 253, 253, 253, 253, 253,
                253, 253, 253, 253, 253, 253, 253, 253, 253, 253, 253,
                253, 253, 253, 253, 253, 253, 253, 253, 253, 253, 253,
                253, 253, 253, 253, 253, 253, 253, 253, 253, 253, 253,
                253, 253, 253, 253, 253, 253, 253, 253, 253, 253, 253,
                253, 253, 253, 253, 253, 253, 253, 253, 253, 253, 253,
                253, 253, 253, 253, 253, 253, 253, 253, 253, 253 ]
        }
    }
}
