{
    "box": {
        "boxID": 2233,
        "frame": 528,
        "posX": 960,
        "posY": 216,
        "mat": {
            "type_id": "opencv-matrix",
            "rows": 5,
            "cols": 5,
            "dt": "3u",
            "data": [ 255, 252, 253, 255, 252, 253, 255, 252, 253, 255,
                252, 253, 253, 253, 253, 255, 252, 253, 255, 252, 253,
                255, 252, 253, 254, 251, 252, 252, 252, 252, 255, 251,
                251, 255, 251, 251, 255, 252, 253, 254, 251, 252, 252,
                252, 252, 255, 253, 253, 255, 251, 251, 255, 252, 253,
                254, 251, 252, 252, 252, 252, 255, 247, 247, 255, 249,
                249, 255, 252, 253, 254, 251, 252, 252, 252, 252 ]
        }
    },
    "box": {
        "boxID": 2234,
        "frame": 528,
        "posX": 1056,
        "posY": 162,
        "mat": {
            "type_id": "opencv-matrix",
            "rows": 5,
            "cols": 5,
            "dt": "3u",
            "data": [ 255, 255, 255, 255, 255, 255, 255, 255, 255, 255,
                255, 255, 255, 255, 255, 255, 255, 255, 255, 255, 255,
                255, 255, 255, 255, 255, 255, 255, 255, 255, 255, 255,
                255, 255, 255, 255, 255, 255, 255, 255, 255, 255, 255,
                255, 255, 255, 255, 255, 255, 255, 255, 255, 255, 255,
                255, 255, 255, 255, 255, 255, 255, 255, 255, 255, 255,
                255, 255, 255, 255, 255, 255, 255, 255, 255, 255 ]
        }
    },
    "box": {
        "boxID": 2235,
        "frame": 528,
        "posX": 1056,
        "posY": 216,
        "mat": {
            "type_id": "opencv-matrix",
            "rows": 5,
            "cols": 5,
            "dt": "3u",
            "data": [ 255, 255, 255, 255, 255, 255, 255, 255, 255, 242,
                242, 242, 48, 48, 48, 245, 245, 245, 255, 255, 255, 231,
                231, 231, 58, 58, 58, 33, 33, 33, 255, 255, 255, 234,
                234, 234, 73, 73, 73, 33, 33, 33, 158, 158, 158, 243,
                243, 243, 123, 123, 123, 30, 30, 30, 181, 181, 181, 255,
                255, 255, 76, 76, 76, 50, 50, 50, 197, 197, 197, 255,
                255, 255, 255, 255, 255 ]
        }
    }
}
