{
    "box": {
        "boxID": 1223,
        "frame": 188,
        "posX": 672,
        "posY": 756,
        "mat": {
            "type_id": "opencv-matrix",
            "rows": 5,
            "cols": 5,
            "dt": "3u",
            "data": [ 249, 249, 249, 249, 249, 249, 252, 252, 252, 252,
                252, 252, 252, 252, 252, 249, 249, 249, 249, 249, 249,
                251, 251, 251, 252, 252, 252, 252, 252, 252, 249, 249,
                249, 249, 249, 249, 250, 250, 250, 251, 251, 251, 251,
                251, 251, 249, 249, 249, 249, 249, 249, 250, 250, 250,
                251, 251, 251, 251, 251, 251, 249, 249, 249, 249, 249,
                249, 250, 250, 250, 251, 251, 251, 251, 251, 251 ]
        }
    },
    "box": {
        "boxID": 1224,
        "frame": 188,
        "posX": 672,
        "posY": 810,
        "mat": {
            "type_id": "opencv-matrix",
            "rows": 5,
            "cols": 5,
            "dt": "3u",
            "data": [ 132, 103, 231, 51, 22, 150, 61, 42, 139, 152, 133,
                230, 254, 255, 255, 91, 62, 190, 176, 147, 255, 248, 229,
                255, 242, 223, 255, 248, 250, 255, 202, 215, 218, 219,
                232, 235, 237, 248, 255, 246, 255, 255, 246, 255, 255,
                237, 250, 253, 235, 248, 251, 240, 251, 255, 244, 255,
                255, 244, 253, 255, 241, 255, 232, 241, 255, 232, 244,
                255, 238, 247, 255, 241, 247, 255, 254 ]
        }
    }
}
