{
    "box": {
        "boxID": 395,
        "frame": 16,
        "posX": 960,
        "posY": 324,
        "mat": {
            "type_id": "opencv-matrix",
            "rows": 5,
            "cols": 5,
            "dt": "3u",
            "data": [ 87, 87, 87, 17, 17, 17, 0, 0, 0, 0, 0, 0, 170, 170,
                170, 125, 125, 125, 52, 52, 52, 0, 0, 0, 0, 0, 0, 170,
                170, 170, 179, 179, 179, 87, 87, 87, 17, 17, 17, 0, 0, 0,
                170, 170, 170, 165, 165, 165, 125, 125, 125, 52, 52, 52,
                0, 0, 0, 170, 170, 170, 44, 44, 44, 13, 13, 13, 13, 13,
                13, 5, 5, 5, 170, 170, 170 ]
        }
    }
}
