{
    "box": {
        "boxID": 1206,
        "frame": 165,
        "posX": 576,
        "posY": 864,
        "mat": {
            "type_id": "opencv-matrix",
            "rows": 5,
            "cols": 5,
            "dt": "3u",
            "data": [ 0, 0, 0, 17, 17, 17, 137, 137, 137, 255, 255, 255,
                221, 221, 221, 19, 19, 19, 0, 0, 0, 19, 19, 19, 185, 185,
                185, 98, 98, 98, 40, 40, 40, 11, 11, 11, 11, 11, 11, 46,
                46, 46, 33, 33, 33, 194, 194, 194, 47, 47, 47, 0, 0, 0,
                29, 29, 29, 71, 71, 71, 255, 255, 255, 157, 157, 157, 0,
                0, 0, 0, 0, 0, 23, 23, 23 ]
        }
    }
}
