{
    "box": {
        "boxID": 2326,
        "frame": 582,
        "posX": 1056,
        "posY": 162,
        "mat": {
            "type_id": "opencv-matrix",
            "rows": 5,
            "cols": 5,
            "dt": "3u",
            "data": [ 255, 255, 255, 255, 255, 255, 255, 255, 255, 255,
                255, 255, 255, 255, 255, 255, 255, 255, 255, 255, 255,
                255, 255, 255, 255, 255, 255, 255, 255, 255, 255, 255,
                255, 255, 255, 255, 255, 255, 255, 255, 255, 255, 255,
                255, 255, 255, 255, 255, 255, 255, 255, 255, 255, 255,
                255, 255, 255, 255, 255, 255, 255, 255, 255, 255, 255,
                255, 255, 255, 255, 255, 255, 255, 255, 255, 255 ]
        }
    },
    "box": {
        "boxID": 2327,
        "frame": 582,
        "posX": 1152,
        "posY": 162,
        "mat": {
            "type_id": "opencv-matrix",
            "rows": 5,
            "cols": 5,
            "dt": "3u",
            "data": [ 255, 255, 255, 182, 182, 182, 114, 114, 114, 122,
                122, 122, 166, 166, 166, 175, 175, 175, 46, 46, 46, 80,
                80, 80, 220, 220, 220, 255, 255, 255, 78, 78, 78, 44, 44,
                44, 80, 80, 80, 225, 225, 225, 255, 255, 255, 135, 135,
                135, 225, 225, 225, 80, 80, 80, 82, 82, 82, 185, 185,
                185, 255, 255, 255, 217, 217, 217, 202, 202, 202, 204,
                204, 204, 53, 53, 53 ]
        }
    }
}
