{
    "box": {
        "boxID": 1774,
        "frame": 300,
        "posX": 864,
        "posY": 324,
        "mat": {
            "type_id": "opencv-matrix",
            "rows": 5,
            "cols": 5,
            "dt": "3u",
            "data": [ 200, 200, 200, 237, 237, 237, 255, 255, 255, 255,
                255, 255, 255, 255, 255, 138, 138, 138, 208, 208, 208,
                255, 255, 255, 255, 255, 255, 255, 255, 255, 15, 15, 15,
                158, 158, 158, 216, 216, 216, 237, 237, 237, 250, 250,
                250, 0, 0, 0, 96, 96, 96, 187, 187, 187, 216, 216, 216,
                248, 248, 248, 0, 0, 0, 51, 51, 51, 195, 195, 195, 255,
                255, 255, 244, 244, 244 ]
        }
    }
}
