{
    "box": {
        "boxID": 392,
        "frame": 14,
        "posX": 288,
        "posY": 1026,
        "mat": {
            "type_id": "opencv-matrix",
            "rows": 5,
            "cols": 5,
            "dt": "3u",
            "data": [ 255, 255, 255, 255, 255, 255, 255, 255, 255, 255,
                255, 255, 255, 255, 255, 255, 255, 255, 255, 255, 255,
                255, 255, 255, 255, 255, 255, 255, 255, 255, 255, 255,
                255, 255, 255, 255, 255, 255, 255, 255, 255, 255, 255,
                255, 255, 255, 255, 255, 255, 255, 255, 255, 255, 255,
                255, 255, 255, 255, 255, 255, 253, 253, 253, 253, 253,
                253, 253, 253, 253, 253, 253, 253, 253, 253, 253 ]
        }
    },
    "box": {
        "boxID": 393,
        "frame": 14,
        "posX": 960,
        "posY": 324,
        "mat": {
            "type_id": "opencv-matrix",
            "rows": 5,
            "cols": 5,
            "dt": "3u",
            "data": [ 87, 87, 87, 17, 17, 17, 0, 0, 0, 0, 0, 0, 170, 170,
                170, 125, 125, 125, 52, 52, 52, 0, 0, 0, 0, 0, 0, 170,
                170, 170, 179, 179, 179, 87, 87, 87, 17, 17, 17, 0, 0, 0,
                154, 154, 154, 165, 165, 165, 125, 125, 125, 52, 52, 52,
                0, 0, 0, 152, 152, 152, 73, 73, 73, 12, 12, 12, 11, 11,
                11, 0, 0, 0, 102, 102, 102 ]
        }
    }
}
