{
    "box": {
        "boxID": 2331,
        "frame": 584,
        "posX": 1056,
        "posY": 162,
        "mat": {
            "type_id": "opencv-matrix",
            "rows": 5,
            "cols": 5,
            "dt": "3u",
            "data": [ 255, 255, 255, 255, 255, 255, 255, 255, 255, 255,
                255, 255, 255, 255, 255, 255, 255, 255, 255, 255, 255,
                255, 255, 255, 255, 255, 255, 255, 255, 255, 255, 255,
                255, 255, 255, 255, 255, 255, 255, 255, 255, 255, 255,
                255, 255, 255, 255, 255, 255, 255, 255, 255, 255, 255,
                255, 255, 255, 255, 255, 255, 255, 255, 255, 255, 255,
                255, 255, 255, 255, 255, 255, 255, 255, 255, 255 ]
        }
    },
    "box": {
        "boxID": 2332,
        "frame": 584,
        "posX": 1152,
        "posY": 108,
        "mat": {
            "type_id": "opencv-matrix",
            "rows": 5,
            "cols": 5,
            "dt": "3u",
            "data": [ 231, 231, 231, 231, 231, 231, 231, 231, 231, 231,
                231, 231, 231, 231, 231, 229, 229, 229, 229, 229, 229,
                229, 229, 229, 229, 229, 229, 229, 229, 229, 222, 222,
                222, 222, 222, 222, 222, 222, 222, 222, 222, 222, 222,
                222, 222, 217, 217, 217, 217, 217, 217, 217, 217, 217,
                217, 217, 217, 217, 217, 217, 214, 214, 214, 214, 214,
                214, 214, 214, 214, 214, 214, 214, 214, 214, 214 ]
        }
    },
    "box": {
        "boxID": 2333,
        "frame": 584,
        "posX": 1152,
        "posY": 162,
        "mat": {
            "type_id": "opencv-matrix",
            "rows": 5,
            "cols": 5,
            "dt": "3u",
            "data": [ 122, 122, 122, 80, 80, 80, 215, 215, 215, 239, 239,
                239, 46, 46, 46, 22, 22, 22, 159, 159, 159, 253, 253,
                253, 255, 255, 255, 231, 231, 231, 163, 163, 163, 216,
                216, 216, 220, 220, 220, 255, 255, 255, 231, 231, 231,
                249, 249, 249, 216, 216, 216, 232, 232, 232, 220, 220,
                220, 85, 85, 85, 235, 235, 235, 255, 255, 255, 238, 238,
                238, 72, 72, 72, 67, 67, 67 ]
        }
    }
}
