{
    "box": {
        "boxID": 1769,
        "frame": 298,
        "posX": 960,
        "posY": 324,
        "mat": {
            "type_id": "opencv-matrix",
            "rows": 5,
            "cols": 5,
            "dt": "3u",
            "data": [ 118, 118, 118, 213, 213, 213, 255, 255, 255, 255,
                255, 255, 255, 255, 255, 22, 22, 22, 139, 139, 139, 255,
                255, 255, 255, 255, 255, 255, 255, 255, 0, 0, 0, 43, 43,
                43, 181, 181, 181, 255, 255, 255, 255, 255, 255, 0, 0, 0,
                0, 0, 0, 85, 85, 85, 202, 202, 202, 255, 255, 255, 0, 0,
                0, 0, 0, 0, 59, 59, 59, 190, 190, 190, 255, 255, 255 ]
        }
    },
    "box": {
        "boxID": 1770,
        "frame": 298,
        "posX": 960,
        "posY": 378,
        "mat": {
            "type_id": "opencv-matrix",
            "rows": 5,
            "cols": 5,
            "dt": "3u",
            "data": [ 206, 158, 111, 206, 158, 111, 206, 158, 111, 206,
                158, 111, 206, 158, 111, 207, 159, 112, 207, 159, 112,
                207, 159, 112, 207, 159, 112, 207, 159, 112, 207, 159,
                112, 207, 159, 112, 207, 159, 112, 207, 159, 112, 207,
                159, 112, 209, 161, 114, 209, 161, 114, 209, 161, 114,
                209, 161, 114, 209, 161, 114, 210, 162, 115, 210, 162,
                115, 210, 162, 115, 210, 162, 115, 210, 162, 115 ]
        }
    }
}
