{
    "box": {
        "boxID": 1229,
        "frame": 193,
        "posX": 672,
        "posY": 756,
        "mat": {
            "type_id": "opencv-matrix",
            "rows": 5,
            "cols": 5,
            "dt": "3u",
            "data": [ 249, 249, 249, 249, 249, 249, 252, 252, 252, 252,
                252, 252, 252, 252, 252, 249, 249, 249, 249, 249, 249,
                251, 251, 251, 252, 252, 252, 252, 252, 252, 249, 249,
                249, 249, 249, 249, 250, 250, 250, 251, 251, 251, 251,
                251, 251, 249, 249, 249, 249, 249, 249, 250, 250, 250,
                251, 251, 251, 251, 251, 251, 249, 249, 249, 249, 249,
                249, 250, 250, 250, 251, 251, 251, 251, 251, 251 ]
        }
    },
    "box": {
        "boxID": 1230,
        "frame": 193,
        "posX": 768,
        "posY": 756,
        "mat": {
            "type_id": "opencv-matrix",
            "rows": 5,
            "cols": 5,
            "dt": "3u",
            "data": [ 255, 250, 255, 255, 250, 255, 255, 250, 255, 255,
                251, 255, 255, 255, 255, 255, 250, 255, 255, 250, 255,
                255, 250, 255, 253, 248, 255, 243, 238, 252, 255, 251,
                255, 255, 251, 255, 255, 246, 255, 255, 246, 255, 255,
                255, 255, 255, 251, 255, 255, 251, 255, 255, 247, 255,
                255, 246, 255, 255, 255, 255, 242, 229, 255, 255, 249,
                255, 252, 221, 255, 177, 146, 245, 82, 32, 188 ]
        }
    }
}
