{
    "box": {
        "boxID": 2294,
        "frame": 562,
        "posX": 1056,
        "posY": 108,
        "mat": {
            "type_id": "opencv-matrix",
            "rows": 5,
            "cols": 5,
            "dt": "3u",
            "data": [ 231, 231, 231, 231, 231, 231, 231, 231, 231, 231,
                231, 231, 231, 231, 231, 229, 229, 229, 229, 229, 229,
                229, 229, 229, 229, 229, 229, 229, 229, 229, 222, 222,
                222, 222, 222, 222, 222, 222, 222, 222, 222, 222, 222,
                222, 222, 217, 217, 217, 217, 217, 217, 217, 217, 217,
                217, 217, 217, 217, 217, 217, 214, 214, 214, 214, 214,
                214, 214, 214, 214, 214, 214, 214, 214, 214, 214 ]
        }
    },
    "box": {
        "boxID": 2295,
        "frame": 562,
        "posX": 1056,
        "posY": 162,
        "mat": {
            "type_id": "opencv-matrix",
            "rows": 5,
            "cols": 5,
            "dt": "3u",
            "data": [ 255, 255, 255, 255, 255, 255, 255, 255, 255, 255,
                255, 255, 255, 255, 255, 255, 255, 255, 255, 255, 255,
                255, 255, 255, 255, 255, 255, 255, 255, 255, 255, 255,
                255, 255, 255, 255, 255, 255, 255, 255, 255, 255, 255,
                255, 255, 255, 255, 255, 255, 255, 255, 255, 255, 255,
                255, 255, 255, 255, 255, 255, 255, 255, 255, 255, 255,
                255, 255, 255, 255, 255, 255, 255, 255, 255, 255 ]
        }
    }
}
