{
    "box": {
        "boxID": 2334,
        "frame": 586,
        "posX": 1056,
        "posY": 162,
        "mat": {
            "type_id": "opencv-matrix",
            "rows": 5,
            "cols": 5,
            "dt": "3u",
            "data": [ 255, 255, 255, 255, 255, 255, 255, 255, 255, 255,
                255, 255, 255, 255, 255, 255, 255, 255, 255, 255, 255,
                255, 255, 255, 255, 255, 255, 255, 255, 255, 255, 255,
                255, 255, 255, 255, 255, 255, 255, 255, 255, 255, 255,
                255, 255, 255, 255, 255, 255, 255, 255, 255, 255, 255,
                255, 255, 255, 255, 255, 255, 255, 255, 255, 255, 255,
                255, 255, 255, 255, 255, 255, 255, 255, 255, 255 ]
        }
    },
    "box": {
        "boxID": 2335,
        "frame": 586,
        "posX": 1152,
        "posY": 108,
        "mat": {
            "type_id": "opencv-matrix",
            "rows": 5,
            "cols": 5,
            "dt": "3u",
            "data": [ 231, 231, 231, 231, 231, 231, 231, 231, 231, 231,
                231, 231, 231, 231, 231, 229, 229, 229, 229, 229, 229,
                229, 229, 229, 229, 229, 229, 229, 229, 229, 222, 222,
                222, 222, 222, 222, 222, 222, 222, 222, 222, 222, 222,
                222, 222, 217, 217, 217, 217, 217, 217, 217, 217, 217,
                217, 217, 217, 217, 217, 217, 214, 214, 214, 214, 214,
                214, 214, 214, 214, 214, 214, 214, 214, 214, 214 ]
        }
    },
    "box": {
        "boxID": 2336,
        "frame": 586,
        "posX": 1152,
        "posY": 162,
        "mat": {
            "type_id": "opencv-matrix",
            "rows": 5,
            "cols": 5,
            "dt": "3u",
            "data": [ 255, 255, 255, 255, 255, 255, 231, 231, 231, 202,
                202, 202, 176, 176, 176, 255, 255, 255, 255, 255, 255,
                218, 218, 218, 147, 147, 147, 100, 100, 100, 246, 246,
                246, 245, 245, 245, 160, 160, 160, 101, 101, 101, 168,
                168, 168, 218, 218, 218, 157, 157, 157, 116, 116, 116,
                64, 64, 64, 111, 111, 111, 173, 173, 173, 76, 76, 76,
                179, 179, 179, 164, 164, 164, 1, 1, 1 ]
        }
    }
}
