{
    "box": {
        "boxID": 1587,
        "frame": 253,
        "posX": 384,
        "posY": 540,
        "mat": {
            "type_id": "opencv-matrix",
            "rows": 5,
            "cols": 5,
            "dt": "3u",
            "data": [ 255, 255, 255, 255, 255, 255, 255, 255, 255, 255,
                255, 255, 255, 255, 255, 255, 255, 255, 255, 255, 255,
                255, 255, 255, 255, 255, 255, 255, 255, 255, 255, 255,
                255, 255, 255, 255, 255, 255, 255, 255, 255, 255, 255,
                255, 255, 255, 255, 255, 255, 255, 255, 255, 255, 255,
                255, 255, 255, 255, 255, 255, 255, 255, 255, 255, 255,
                255, 255, 255, 255, 255, 255, 255, 255, 255, 255 ]
        }
    },
    "box": {
        "boxID": 1588,
        "frame": 253,
        "posX": 480,
        "posY": 216,
        "mat": {
            "type_id": "opencv-matrix",
            "rows": 5,
            "cols": 5,
            "dt": "3u",
            "data": [ 255, 255, 255, 255, 255, 255, 255, 255, 255, 255,
                255, 255, 255, 255, 255, 255, 255, 255, 255, 255, 255,
                255, 255, 255, 255, 255, 255, 255, 255, 255, 255, 255,
                255, 255, 255, 255, 255, 255, 255, 255, 255, 255, 249,
                249, 249, 255, 255, 255, 255, 255, 255, 255, 255, 255,
                255, 255, 255, 245, 245, 245, 244, 244, 244, 242, 242,
                242, 238, 238, 238, 236, 236, 236, 243, 243, 243 ]
        }
    },
    "box": {
        "boxID": 1589,
        "frame": 253,
        "posX": 480,
        "posY": 324,
        "mat": {
            "type_id": "opencv-matrix",
            "rows": 5,
            "cols": 5,
            "dt": "3u",
            "data": [ 245, 245, 245, 245, 245, 245, 245, 245, 245, 245,
                245, 245, 245, 245, 245, 245, 245, 245, 245, 245, 245,
                245, 245, 245, 245, 245, 245, 245, 245, 245, 246, 246,
                246, 248, 248, 248, 246, 246, 246, 246, 246, 246, 246,
                246, 246, 248, 248, 248, 249, 249, 249, 248, 248, 248,
                248, 248, 248, 248, 248, 248, 250, 250, 250, 250, 250,
                250, 250, 250, 250, 250, 250, 250, 250, 250, 250 ]
        }
    },
    "box": {
        "boxID": 1590,
        "frame": 253,
        "posX": 480,
        "posY": 378,
        "mat": {
            "type_id": "opencv-matrix",
            "rows": 5,
            "cols": 5,
            "dt": "3u",
            "data": [ 255, 255, 255, 255, 255, 255, 255, 255, 255, 255,
                255, 255, 255, 255, 255, 255, 255, 255, 255, 255, 255,
                255, 255, 255, 255, 255, 255, 255, 255, 255, 255, 255,
                255, 255, 255, 255, 255, 255, 255, 255, 255, 255, 255,
                255, 255, 255, 255, 255, 255, 255, 255, 255, 255, 255,
                255, 255, 255, 255, 255, 255, 255, 255, 255, 255, 255,
                255, 255, 255, 255, 255, 255, 255, 255, 255, 255 ]
        }
    },
    "box": {
        "boxID": 1591,
        "frame": 253,
        "posX": 480,
        "posY": 432,
        "mat": {
            "type_id": "opencv-matrix",
            "rows": 5,
            "cols": 5,
            "dt": "3u",
            "data": [ 96, 96, 96, 96, 96, 96, 96, 96, 96, 96, 96, 96, 96,
                96, 96, 142, 142, 142, 142, 142, 142, 142, 142, 142, 142,
                142, 142, 142, 142, 142, 229, 229, 229, 229, 229, 229,
                229, 229, 229, 229, 229, 229, 229, 229, 229, 255, 255,
                255, 255, 255, 255, 255, 255, 255, 255, 255, 255, 255,
                255, 255, 255, 255, 255, 255, 255, 255, 255, 255, 255,
                255, 255, 255, 255, 255, 255 ]
        }
    },
    "box": {
        "boxID": 1592,
        "frame": 253,
        "posX": 480,
        "posY": 540,
        "mat": {
            "type_id": "opencv-matrix",
            "rows": 5,
            "cols": 5,
            "dt": "3u",
            "data": [ 255, 255, 255, 255, 255, 255, 255, 255, 255, 255,
                255, 255, 255, 255, 255, 255, 255, 255, 255, 255, 255,
                255, 255, 255, 255, 255, 255, 255, 255, 255, 255, 255,
                255, 255, 255, 255, 255, 255, 255, 255, 255, 255, 255,
                255, 255, 255, 255, 255, 255, 255, 255, 255, 255, 255,
                255, 255, 255, 255, 255, 255, 255, 255, 255, 255, 255,
                255, 255, 255, 255, 255, 255, 255, 255, 255, 255 ]
        }
    },
    "box": {
        "boxID": 1593,
        "frame": 253,
        "posX": 480,
        "posY": 594,
        "mat": {
            "type_id": "opencv-matrix",
            "rows": 5,
            "cols": 5,
            "dt": "3u",
            "data": [ 252, 252, 252, 255, 255, 255, 255, 255, 255, 255,
                255, 255, 255, 255, 255, 255, 255, 255, 255, 255, 255,
                255, 255, 255, 255, 255, 255, 255, 255, 255, 255, 255,
                255, 255, 255, 255, 255, 255, 255, 255, 255, 255, 255,
                255, 255, 255, 255, 255, 255, 255, 255, 255, 255, 255,
                255, 255, 255, 255, 255, 255, 255, 255, 255, 255, 255,
                255, 255, 255, 255, 255, 255, 255, 255, 255, 255 ]
        }
    },
    "box": {
        "boxID": 1594,
        "frame": 253,
        "posX": 480,
        "posY": 702,
        "mat": {
            "type_id": "opencv-matrix",
            "rows": 5,
            "cols": 5,
            "dt": "3u",
            "data": [ 255, 255, 255, 255, 255, 255, 255, 255, 255, 255,
                255, 255, 255, 255, 255, 255, 255, 255, 255, 255, 255,
                255, 255, 255, 255, 255, 255, 255, 255, 255, 255, 255,
                255, 255, 255, 255, 255, 255, 255, 255, 255, 255, 255,
                255, 255, 255, 255, 255, 255, 255, 255, 255, 255, 255,
                255, 255, 255, 255, 255, 255, 255, 255, 255, 255, 255,
                255, 255, 255, 255, 255, 255, 255, 255, 255, 255 ]
        }
    },
    "box": {
        "boxID": 1595,
        "frame": 253,
        "posX": 576,
        "posY": 486,
        "mat": {
            "type_id": "opencv-matrix",
            "rows": 5,
            "cols": 5,
            "dt": "3u",
            "data": [ 255, 255, 255, 187, 182, 183, 85, 77, 79, 65, 57,
                59, 171, 159, 161, 255, 255, 255, 187, 182, 183, 85, 77,
                79, 65, 57, 59, 171, 159, 161, 255, 255, 255, 163, 158,
                159, 70, 62, 64, 68, 60, 62, 171, 159, 161, 255, 255,
                255, 199, 194, 195, 136, 128, 130, 117, 109, 111, 171,
                159, 161, 255, 255, 255, 254, 249, 250, 221, 213, 215,
                186, 178, 180, 184, 172, 174 ]
        }
    },
    "box": {
        "boxID": 1596,
        "frame": 253,
        "posX": 576,
        "posY": 594,
        "mat": {
            "type_id": "opencv-matrix",
            "rows": 5,
            "cols": 5,
            "dt": "3u",
            "data": [ 255, 255, 255, 253, 253, 253, 249, 249, 249, 244,
                244, 244, 246, 246, 246, 255, 255, 255, 255, 255, 255,
                255, 255, 255, 255, 255, 255, 255, 255, 255, 255, 255,
                255, 255, 255, 255, 255, 255, 255, 255, 255, 255, 255,
                255, 255, 255, 255, 255, 255, 255, 255, 255, 255, 255,
                255, 255, 255, 255, 255, 255, 255, 255, 255, 255, 255,
                255, 255, 255, 255, 255, 255, 255, 255, 255, 255 ]
        }
    },
    "box": {
        "boxID": 1597,
        "frame": 253,
        "posX": 576,
        "posY": 702,
        "mat": {
            "type_id": "opencv-matrix",
            "rows": 5,
            "cols": 5,
            "dt": "3u",
            "data": [ 254, 249, 248, 255, 250, 249, 254, 249, 248, 254,
                249, 248, 253, 248, 247, 255, 250, 249, 255, 251, 250,
                255, 250, 249, 255, 250, 249, 254, 249, 248, 255, 254,
                255, 255, 254, 255, 255, 252, 253, 255, 252, 253, 255,
                252, 253, 255, 255, 255, 255, 255, 255, 255, 254, 255,
