{
    "box": {
        "boxID": 1965,
        "frame": 405,
        "posX": 1152,
        "posY": 108,
        "mat": {
            "type_id": "opencv-matrix",
            "rows": 5,
            "cols": 5,
            "dt": "3u",
            "data": [ 235, 235, 235, 235, 235, 235, 235, 235, 235, 235,
                235, 235, 235, 235, 235, 230, 230, 230, 230, 230, 230,
                230, 230, 230, 230, 230, 230, 230, 230, 230, 223, 223,
                223, 223, 223, 223, 223, 223, 223, 223, 223, 223, 223,
                223, 223, 218, 218, 218, 218, 218, 218, 218, 218, 218,
                218, 218, 218, 218, 218, 218, 214, 214, 214, 214, 214,
                214, 214, 214, 214, 214, 214, 214, 214, 214, 214 ]
        }
    }
}
