{
    "box": {
        "boxID": 1671,
        "frame": 255,
        "posX": 384,
        "posY": 540,
        "mat": {
            "type_id": "opencv-matrix",
            "rows": 5,
            "cols": 5,
            "dt": "3u",
            "data": [ 255, 255, 255, 255, 255, 255, 255, 255, 255, 255,
                255, 255, 255, 255, 255, 255, 255, 255, 255, 255, 255,
                255, 255, 255, 255, 255, 255, 255, 255, 255, 255, 255,
                255, 255, 255, 255, 255, 255, 255, 255, 255, 255, 255,
                255, 255, 255, 255, 255, 255, 255, 255, 255, 255, 255,
                255, 255, 255, 255, 255, 255, 255, 255, 255, 255, 255,
                255, 255, 255, 255, 255, 255, 255, 255, 255, 255 ]
        }
    },
    "box": {
        "boxID": 1672,
        "frame": 255,
        "posX": 384,
        "posY": 594,
        "mat": {
            "type_id": "opencv-matrix",
            "rows": 5,
            "cols": 5,
            "dt": "3u",
            "data": [ 255, 255, 255, 255, 255, 255, 255, 255, 255, 255,
                255, 255, 255, 255, 255, 255, 255, 255, 255, 255, 255,
                255, 255, 255, 255, 255, 255, 255, 255, 255, 255, 255,
                255, 255, 255, 255, 255, 255, 255, 255, 255, 255, 255,
                255, 255, 255, 255, 255, 255, 255, 255, 255, 255, 255,
                255, 255, 255, 255, 255, 255, 255, 255, 255, 255, 255,
                255, 255, 255, 255, 255, 255, 255, 255, 255, 255 ]
        }
    },
    "box": {
        "boxID": 1673,
        "frame": 255,
        "posX": 480,
        "posY": 216,
        "mat": {
            "type_id": "opencv-matrix",
            "rows": 5,
            "cols": 5,
            "dt": "3u",
            "data": [ 255, 255, 255, 255, 255, 255, 255, 255, 255, 255,
                255, 255, 255, 255, 255, 255, 255, 255, 255, 255, 255,
                255, 255, 255, 255, 255, 255, 255, 255, 255, 255, 255,
                255, 255, 255, 255, 255, 255, 255, 255, 255, 255, 249,
                249, 249, 255, 255, 255, 255, 255, 255, 255, 255, 255,
                255, 255, 255, 245, 245, 245, 244, 244, 244, 242, 242,
                242, 238, 238, 238, 236, 236, 236, 243, 243, 243 ]
        }
    },
    "box": {
        "boxID": 1674,
        "frame": 255,
        "posX": 480,
        "posY": 378,
        "mat": {
            "type_id": "opencv-matrix",
            "rows": 5,
            "cols": 5,
            "dt": "3u",
            "data": [ 255, 255, 255, 255, 255, 255, 255, 255, 255, 255,
                255, 255, 255, 255, 255, 255, 255, 255, 255, 255, 255,
                255, 255, 255, 255, 255, 255, 255, 255, 255, 255, 255,
                255, 255, 255, 255, 255, 255, 255, 255, 255, 255, 255,
                255, 255, 255, 255, 255, 255, 255, 255, 255, 255, 255,
                255, 255, 255, 255, 255, 255, 255, 255, 255, 255, 255,
                255, 255, 255, 255, 255, 255, 255, 255, 255, 255 ]
        }
    },
    "box": {
        "boxID": 1675,
        "frame": 255,
        "posX": 480,
        "posY": 432,
        "mat": {
            "type_id": "opencv-matrix",
            "rows": 5,
            "cols": 5,
            "dt": "3u",
            "data": [ 86, 86, 86, 85, 85, 85, 83, 83, 83, 82, 82, 82, 82,
                82, 82, 135, 135, 135, 133, 133, 133, 132, 132, 132, 132,
                132, 132, 132, 132, 132, 236, 236, 236, 237, 237, 237,
                238, 238, 238, 239, 239, 239, 239, 239, 239, 255, 255,
                255, 255, 255, 255, 255, 255, 255, 255, 255, 255, 255,
                255, 255, 255, 255, 255, 255, 255, 255, 255, 255, 255,
                255, 255, 255, 255, 255, 255 ]
        }
    },
    "box": {
        "boxID": 1676,
        "frame": 255,
        "posX": 480,
        "posY": 486,
        "mat": {
            "type_id": "opencv-matrix",
            "rows": 5,
            "cols": 5,
            "dt": "3u",
            "data": [ 251, 251, 251, 250, 250, 250, 249, 249, 249, 248,
                248, 248, 248, 248, 248, 251, 251, 251, 250, 250, 250,
                250, 250, 250, 249, 249, 249, 249, 249, 249, 252, 252,
                252, 252, 252, 252, 251, 251, 251, 251, 251, 251, 251,
                251, 251, 253, 253, 253, 252, 252, 252, 252, 252, 252,
                252, 252, 252, 252, 252, 252, 253, 253, 253, 253, 253,
                253, 253, 253, 253, 253, 253, 253, 253, 253, 253 ]
        }
    },
    "box": {
        "boxID": 1677,
        "frame": 255,
        "posX": 480,
        "posY": 540,
        "mat": {
            "type_id": "opencv-matrix",
            "rows": 5,
            "cols": 5,
            "dt": "3u",
            "data": [ 255, 255, 255, 255, 255, 255, 255, 255, 255, 255,
                255, 255, 255, 255, 255, 255, 255, 255, 255, 255, 255,
                255, 255, 255, 255, 255, 255, 255, 255, 255, 255, 255,
                255, 255, 255, 255, 255, 255, 255, 255, 255, 255, 255,
                255, 255, 255, 255, 255, 255, 255, 255, 255, 255, 255,
                255, 255, 255, 255, 255, 255, 255, 255, 255, 255, 255,
                255, 255, 255, 255, 255, 255, 255, 255, 255, 255 ]
        }
    },
    "box": {
        "boxID": 1678,
        "frame": 255,
        "posX": 480,
        "posY": 702,
        "mat": {
            "type_id": "opencv-matrix",
            "rows": 5,
            "cols": 5,
            "dt": "3u",
            "data": [ 255, 255, 255, 255, 255, 255, 255, 255, 255, 255,
                255, 255, 255, 255, 255, 255, 255, 255, 255, 255, 255,
                255, 255, 255, 255, 255, 255, 255, 255, 255, 255, 255,
                255, 255, 255, 255, 255, 255, 255, 255, 255, 255, 255,
                255, 255, 255, 255, 255, 255, 255, 255, 255, 255, 255,
                255, 255, 255, 255, 255, 255, 255, 255, 255, 255, 255,
                255, 255, 255, 255, 255, 255, 255, 255, 255, 255 ]
        }
    },
    "box": {
        "boxID": 1679,
        "frame": 255,
        "posX": 480,
        "posY": 756,
        "mat": {
            "type_id": "opencv-matrix",
            "rows": 5,
            "cols": 5,
            "dt": "3u",
            "data": [ 255, 255, 255, 255, 255, 255, 255, 255, 255, 255,
                255, 255, 255, 255, 255, 255, 255, 255, 255, 255, 255,
                255, 255, 255, 255, 255, 255, 255, 255, 255, 255, 255,
                255, 255, 255, 255, 255, 255, 255, 255, 255, 255, 255,
                255, 255, 255, 255, 255, 255, 255, 255, 255, 255, 255,
                255, 255, 255, 255, 255, 255, 255, 255, 255, 255, 255,
                255, 255, 255, 255, 255, 255, 255, 255, 255, 255 ]
        }
    },
    "box": {
        "boxID": 1680,
        "frame": 255,
        "posX": 576,
        "posY": 216,
        "mat": {
            "type_id": "opencv-matrix",
            "rows": 5,
            "cols": 5,
            "dt": "3u",
            "data": [ 118, 118, 118, 100, 100, 100, 81, 81, 81, 90, 90,
                90, 135, 135, 135, 72, 72, 72, 96, 96, 96, 157, 157, 157,
                195, 195, 195, 234, 234, 234, 131, 131, 131, 168, 168,
                168, 225, 225, 225, 255, 255, 255, 255, 255, 255, 245,
                245, 245, 245, 245, 245, 234, 234, 234, 230, 230, 230,
                241, 241, 241, 224, 224, 224, 238, 238, 238, 241, 241,
                241, 255, 255, 255, 253, 253, 253 ]
        }
    },
    "box": {
        "boxID": 1681,
        "frame": 255,
        "posX": 576,
        "posY": 378,
        "mat": {
            "type_id": "opencv-matrix",
            "rows": 5,
            "cols": 5,
            "dt": "3u",
            "data": [ 249, 234, 243, 254, 239, 248, 255, 244, 255, 253,
                233, 248, 233, 213, 230, 241, 226, 235, 255, 254, 255,
                255, 255, 255, 255, 248, 255, 255, 237, 254, 255, 239,
                249, 255, 253, 255, 255, 248, 255, 242, 220, 235, 255,
                233, 250, 251, 233, 243, 255, 255, 255, 255, 255, 255,
