{
    "box": {
        "boxID": 961,
        "frame": 60,
        "posX": 768,
        "posY": 1026,
        "mat": {
            "type_id": "opencv-matrix",
            "rows": 5,
            "cols": 5,
            "dt": "3u",
            "data": [ 255, 255, 255, 255, 255, 255, 255, 255, 255, 255,
                255, 255, 255, 255, 255, 255, 255, 255, 255, 255, 255,
                255, 255, 255, 255, 255, 255, 255, 255, 255, 255, 255,
                255, 255, 255, 255, 255, 255, 255, 255, 255, 255, 255,
                255, 255, 255, 255, 255, 255, 255, 255, 255, 255, 255,
                255, 255, 255, 255, 255, 255, 255, 255, 255, 255, 255,
                255, 255, 255, 255, 255, 255, 255, 255, 255, 255 ]
        }
    },
    "box": {
        "boxID": 962,
        "frame": 60,
        "posX": 1824,
        "posY": 0,
        "mat": {
            "type_id": "opencv-matrix",
            "rows": 5,
            "cols": 5,
            "dt": "3u",
            "data": [ 206, 206, 206, 206, 206, 206, 206, 206, 206, 206,
                206, 206, 206, 206, 206, 206, 206, 206, 206, 206, 206,
                206, 206, 206, 206, 206, 206, 206, 206, 206, 206, 206,
                206, 206, 206, 206, 206, 206, 206, 206, 206, 206, 206,
                206, 206, 206, 206, 206, 206, 206, 206, 206, 206, 206,
                206, 206, 206, 206, 206, 206, 206, 206, 206, 206, 206,
                206, 206, 206, 206, 206, 206, 206, 206, 206, 206 ]
        }
    }
}
