{
    "box": {
        "boxID": 975,
        "frame": 67,
        "posX": 1056,
        "posY": 378,
        "mat": {
            "type_id": "opencv-matrix",
            "rows": 5,
            "cols": 5,
            "dt": "3u",
            "data": [ 250, 250, 250, 239, 239, 239, 210, 210, 210, 5, 5,
                5, 0, 0, 0, 252, 252, 252, 236, 236, 236, 211, 211, 211,
                9, 9, 9, 0, 0, 0, 255, 255, 255, 235, 235, 235, 213, 213,
                213, 11, 11, 11, 26, 26, 26, 255, 255, 255, 237, 237,
                237, 216, 216, 216, 13, 13, 13, 12, 12, 12, 255, 255,
                255, 245, 245, 245, 221, 221, 221, 27, 27, 27, 0, 0, 0 ]
        }
    },
    "box": {
        "boxID": 976,
        "frame": 67,
        "posX": 1728,
        "posY": 0,
        "mat": {
            "type_id": "opencv-matrix",
            "rows": 5,
            "cols": 5,
            "dt": "3u",
            "data": [ 206, 206, 206, 206, 206, 206, 206, 206, 206, 206,
                206, 206, 206, 206, 206, 206, 206, 206, 206, 206, 206,
                206, 206, 206, 206, 206, 206, 206, 206, 206, 206, 206,
                206, 206, 206, 206, 206, 206, 206, 206, 206, 206, 206,
                206, 206, 206, 206, 206, 206, 206, 206, 206, 206, 206,
                206, 206, 206, 206, 206, 206, 206, 206, 206, 206, 206,
                206, 206, 206, 206, 206, 206, 206, 206, 206, 206 ]
        }
    }
}
