{
    "box": {
        "boxID": 1733,
        "frame": 258,
        "posX": 480,
        "posY": 540,
        "mat": {
            "type_id": "opencv-matrix",
            "rows": 5,
            "cols": 5,
            "dt": "3u",
            "data": [ 255, 255, 255, 255, 255, 255, 255, 255, 255, 255,
                255, 255, 255, 255, 255, 255, 255, 255, 255, 255, 255,
                255, 255, 255, 255, 255, 255, 255, 255, 255, 255, 255,
                255, 255, 255, 255, 255, 255, 255, 255, 255, 255, 255,
                255, 255, 255, 255, 255, 255, 255, 255, 255, 255, 255,
                255, 255, 255, 255, 255, 255, 255, 255, 255, 255, 255,
                255, 255, 255, 255, 255, 255, 255, 255, 255, 255 ]
        }
    },
    "box": {
        "boxID": 1734,
        "frame": 258,
        "posX": 576,
        "posY": 648,
        "mat": {
            "type_id": "opencv-matrix",
            "rows": 5,
            "cols": 5,
            "dt": "3u",
            "data": [ 255, 255, 255, 248, 248, 248, 253, 253, 253, 253,
                253, 253, 253, 253, 253, 229, 229, 229, 250, 250, 250,
                250, 250, 250, 252, 252, 252, 252, 252, 252, 249, 249,
                249, 250, 250, 250, 250, 250, 250, 251, 251, 251, 252,
                252, 252, 248, 248, 248, 251, 251, 251, 251, 251, 251,
                251, 251, 251, 251, 251, 251, 251, 251, 251, 251, 251,
                251, 251, 251, 251, 251, 251, 251, 252, 252, 252 ]
        }
    },
    "box": {
        "boxID": 1735,
        "frame": 258,
        "posX": 672,
        "posY": 702,
        "mat": {
            "type_id": "opencv-matrix",
            "rows": 5,
            "cols": 5,
            "dt": "3u",
            "data": [ 255, 254, 253, 255, 255, 254, 255, 252, 251, 255,
                252, 251, 254, 251, 250, 255, 254, 253, 255, 255, 254,
                255, 252, 251, 255, 252, 251, 254, 251, 250, 255, 255,
                255, 255, 255, 255, 255, 255, 255, 255, 255, 255, 253,
                253, 253, 255, 255, 255, 255, 255, 255, 255, 255, 255,
                255, 255, 255, 253, 253, 253, 255, 254, 255, 255, 254,
                255, 255, 254, 255, 255, 254, 255, 255, 254, 255 ]
        }
    }
}
